# occupying energies
-8491.40021667735 -8490.88251239666 
-8491.40021667735 -8490.87581763174 
-8491.40021667735 -8490.9982204293 
-8491.40021667735 -8490.93068394102 
-8491.87313408797 -8491.40021667734 
-8491.40021667735 -8490.98287492298 
-8491.40021667735 -8490.9731619232 
-8491.77960868554 -8491.40021667734 
-8491.75953794365 -8491.40021667734 
-8491.70228704997 -8491.40021667734 
-8491.40021667735 -8490.87533225527 
-8491.40021667735 -8490.88410348745 
-8491.40021667735 -8490.87444057733 
-8491.40021667735 -8490.92857970742 
-8491.40021667735 -8490.91172916716 
-8491.40021667735 -8490.93573388207 
-8491.40021667735 -8490.96920145068 
-8491.40021667735 -8491.01295922907 
-8491.78054015994 -8491.40021667735 
-8491.40021667735 -8491.065913736 
-8491.40021667735 -8490.92657755335 
-8491.40021667735 -8490.91139245175 
-8491.40021667735 -8490.90959863519 
-8491.40021667735 -8490.89071792282 
-8491.40021667735 -8490.93348550416 
-8491.40021667735 -8490.91236066314 
-8491.40021667735 -8490.87579142863 
-8491.40021667735 -8490.88251089568 
-8491.40021667735 -8490.9132725446 
-8491.40021667735 -8490.96001671874 
-8491.92092795428 -8491.40021667734 
-8491.40021667735 -8490.97835513296 
-8491.40021667735 -8490.99319827387 
-8491.40021667735 -8491.07262194595 
-8491.83432932987 -8491.40021667734 
-8491.40021667735 -8490.88365027655 
-8491.40021667735 -8490.92829130796 
-8491.40021667735 -8490.88726780636 
-8491.40021667735 -8490.97965561151 
-8491.40021667735 -8490.96419966642 
-8491.40021667735 -8490.9557824156 
-8491.40021667735 -8490.98674351031 
-8491.40021667735 -8490.93917706399 
-8491.40021667735 -8491.10346966441 
-8491.40021667735 -8490.97348452595 
-8491.40021667735 -8490.92191488374 
-8491.40021667735 -8490.95426768602 
-8491.92149803755 -8491.40021667735 
-8491.40021667735 -8490.93332055246 
-8491.9258977084 -8491.40021667734 
-8491.40021667735 -8490.88389971193 
-8491.40021667735 -8490.87906823344 
-8491.40021667735 -8490.95970734407 
-8491.40021667735 -8490.96022013963 
-8491.40021667735 -8490.95925150012 
-8491.40021667735 -8490.88374599664 
-8491.40021667735 -8490.91285625629 
-8491.40021667735 -8490.93044831506 
-8491.40021667735 -8490.93192434186 
-8491.40021667735 -8490.9339436566 
-8491.40021667735 -8490.91632977287 
-8491.9167831193 -8491.40021667734 
-8491.40021667735 -8490.95088841252 
-8491.40021667735 -8490.88608009876 
-8491.40021667735 -8490.93687068604 
-8491.40021667735 -8490.88388281387 
-8491.40021667735 -8490.88398583937 
-8491.40021667735 -8490.96796242459 
-8491.40021667735 -8490.93039180264 
-8491.40021667735 -8490.94442242569 
-8491.40021667735 -8490.92820280569 
-8491.40021667735 -8490.93170715285 
-8491.40021667735 -8490.91682619141 
-8491.40021667735 -8490.93170721757 
-8491.40021667735 -8490.93193542798 
-8491.40021667735 -8490.92831089855 
-8491.40021667735 -8490.91288216405 
-8491.40021667735 -8490.92213069805 
-8491.40021667735 -8490.88621756106 
-8491.40021667735 -8490.96421911669 
-8491.40021667735 -8490.97502854394 
-8491.8718757844 -8491.40021667734 
-8491.40021667735 -8490.93889295575 
-8491.40021667735 -8490.91545630691 
-8491.40021667735 -8490.87600652425 
-8491.40021667735 -8490.88034649644 
-8491.40021667735 -8490.8710036292 
-8491.40021667735 -8490.88406109663 
-8491.40021667735 -8490.90295280089 
-8491.40021667735 -8490.9317820325 
-8491.92138628843 -8491.40021667734 
-8491.40021667735 -8490.9644287306 
-8491.40021667735 -8490.96078240338 
-8491.40021667735 -8490.91136320264 
-8491.40021667735 -8490.92362872666 
-8491.40021667735 -8490.87404126971 
-8491.40021667735 -8490.9113137202 
-8491.40021667735 -8490.92224505791 
-8491.40021667735 -8490.95584017198 
-8491.92501751326 -8491.40021667735 
-8491.40021667735 -8490.93204971769 
-8491.40021667735 -8490.87918955415 
-8491.40021667735 -8490.9608484839 
-8491.40021667735 -8490.8838114824 
-8491.40021667735 -8490.93571515308 
-8491.40021667735 -8490.8863057201 
-8491.40021667735 -8491.00416936158 
-8491.40021667735 -8490.96974501602 
-8491.40021667735 -8490.92561681079 
-8491.40021667735 -8490.93227859387 
-8491.40021667735 -8490.87900084336 
-8491.40021667735 -8490.92680651564 
-8491.40021667735 -8490.87102449975 
-8491.40021667735 -8490.91971187018 
-8491.40021667735 -8490.92853076027 
-8491.40021667735 -8490.95408225812 
-8491.40021667735 -8490.93546539305 
-8491.40021667735 -8490.93032848298 
-8491.40021667735 -8490.9165508457 
-8491.40021667735 -8490.92823073578 
-8491.40021667735 -8490.91624521987 
-8491.40021667735 -8490.91218381474 
-8491.40021667735 -8490.98000712858 
-8491.40021667735 -8490.97953977333 
-8491.40021667735 -8490.91643604526 
-8491.40021667735 -8490.87571883828 
-8491.40021667735 -8490.88397668966 
-8491.40021667735 -8490.88394573228 
-8491.40021667735 -8490.91305362638 
-8491.40021667735 -8490.87969409323 
-8491.40021667735 -8490.93114314039 
-8491.40021667735 -8491.02629954882 
-8491.40021667735 -8491.064993417 
-8491.40021667735 -8491.06482171257 
-8491.40021667735 -8491.02709151385 
-8491.40021667735 -8490.91296678571 
-8491.40021667735 -8490.96062839553 
-8491.40021667735 -8490.93184293971 
-8491.91993604988 -8491.40021667734 
-8491.40021667735 -8490.92391262246 
-8491.40021667735 -8490.91542397511 
-8491.40021667735 -8490.91684738893 
-8491.40021667735 -8490.91872078765 
-8491.91656612195 -8491.40021667734 
-8491.40021667735 -8490.9236068897 
-8491.91998681008 -8491.40021667734 
-8491.40021667735 -8490.96462650311 
-8491.40021667735 -8490.9666100773 
-8491.40021667735 -8490.93198418058 
-8491.40021667735 -8490.90822650619 
-8491.40021667735 -8490.88009203644 
-8491.40021667735 -8490.87578212788 
-8491.40021667735 -8490.88233290951 
-8491.40021667735 -8490.93178587825 
-8491.40021667735 -8490.9421266814 
-8491.40021667735 -8490.97587156435 
-8491.81447977108 -8491.40021667735 
-8491.40021667735 -8490.98044402434 
-8491.80656573563 -8491.40021667735 
-8491.40021667735 -8490.97626432667 
-8491.40021667735 -8490.88729962282 
-8491.40021667735 -8490.88763063911 
-8491.40021667735 -8490.92807939282 
-8491.40021667735 -8490.9646722807 
-8491.40021667735 -8490.93885862708 
-8491.40021667735 -8490.96460473241 
-8491.40021667735 -8490.90358731282 
-8491.40021667735 -8490.8844712803 
-8491.40021667735 -8490.96851820914 
-8491.40021667735 -8490.87427920022 
-8491.40021667735 -8490.91288783055 
-8491.40021667735 -8490.93556657037 
-8491.40021667735 -8490.99140023933 
-8491.40021667735 -8490.92694605918 
-8491.40021667735 -8490.87900848762 
-8491.40021667735 -8490.88253300041 
-8491.40021667735 -8490.95077047623 
-8491.86988977421 -8491.40021667735 
-8491.40021667735 -8491.02030591631 
-8491.40021667735 -8490.92945346684 
-8491.40021667735 -8490.91266016767 
-8491.40021667735 -8490.87791260424 
-8491.40021667735 -8490.94680328446 
-8491.40021667735 -8490.92301401186 
-8491.40021667735 -8490.88230619507 
-8491.40021667735 -8490.929037746 
-8491.40021667735 -8490.97003896414 
-8491.84438207483 -8491.40021667734 
-8491.40021667735 -8490.97306033225 
-8491.40021667735 -8490.87538413791 
-8491.40021667735 -8490.90810025535 
-8491.40021667735 -8490.93544546444 
-8491.40021667735 -8491.00901852156 
-8491.40021667735 -8490.92745591946 
-8491.40021667735 -8490.88061762543 
-8491.40021667735 -8490.91641611472 
-8491.40021667735 -8490.9745858233 
-8491.40021667735 -8491.02215726515 
-8491.40021667735 -8490.92866602497 
-8491.40021667735 -8490.87886319985 
-8491.40021667735 -8490.92819043302 
-8491.92024475475 -8491.40021667735 
-8491.40021667735 -8490.93524681687 
-8491.40021667735 -8490.91673518341 
-8491.40021667735 -8490.95400361676 
-8491.40021667735 -8490.9273933048 
-8491.40021667735 -8490.95904035575 
-8491.40021667735 -8490.92336223767 
-8491.40021667735 -8490.87384162705 
-8491.40021667735 -8490.87900224577 
-8491.40021667735 -8490.93043955014 
-8491.40021667735 -8490.91655015266 
-8491.40021667735 -8490.92674106864 
-8491.40021667735 -8490.93235194833 
-8491.40021667735 -8490.96344422897 
-8491.40021667735 -8490.9766970047 
-8491.9168678858 -8491.40021667735 
-8491.40021667735 -8490.92375414165 
-8491.40021667735 -8490.90780483056 
-8491.40021667735 -8490.91282742151 
-8491.40021667735 -8490.99331669942 
-8491.40021667735 -8490.96846486823 
-8491.88052014135 -8491.40021667735 
-8491.40021667735 -8490.95961037432 
-8491.40021667735 -8490.8824919997 
-8491.40021667735 -8490.92831606458 
-8491.40021667735 -8490.91624062693 
-8491.40021667735 -8490.98275187624 
-8491.40021667735 -8490.9642224643 
-8491.40021667735 -8490.95549289045 
-8491.40021667735 -8490.92574559379 
-8491.40021667735 -8490.89128746942 
-8491.40021667735 -8491.01731847247 
-8491.40021667735 -8490.93200741822 
-8491.40021667735 -8491.04588908957 
-8491.40021667735 -8490.92320892315 
-8491.40021667735 -8490.88377627304 
-8491.40021667735 -8490.92835099142 
-8491.40021667735 -8490.87594762369 
-8491.40021667735 -8490.88605122048 
-8491.40021667735 -8490.88113907311 
-8491.40021667735 -8490.91639570462 
-8491.40021667735 -8490.93216735006 
-8491.40021667735 -8490.92617703522 
-8491.40021667735 -8490.93418262013 
-8491.40021667735 -8490.88753789449 
-8491.40021667735 -8490.89096250793 
-8491.40021667735 -8490.92875618123 
-8491.40021667735 -8490.89050007091 
-8491.40021667735 -8490.87887211452 
-8491.40021667735 -8490.95653303256 
-8491.40021667735 -8490.971417381 
-8491.40021667735 -8490.92862265389 
-8491.40021667735 -8490.92328712409 
-8491.40021667735 -8490.92695260289 
-8491.40021667735 -8491.00800037008 
-8491.40021667735 -8490.96793971272 
-8491.91651096067 -8491.40021667735 
-8491.40021667735 -8490.93193424489 
-8491.40021667735 -8490.95426749138 
-8491.40021667735 -8490.8805528764 
-8491.40021667735 -8490.87873666423 
-8491.40021667735 -8490.88395251373 
-8491.40021667735 -8490.87901252193 
-8491.40021667735 -8490.88045667506 
-8491.40021667735 -8491.00412441298 
-8491.92473855876 -8491.40021667734 
-8491.40021667735 -8490.95592444835 
-8491.40021667735 -8490.91239364798 
-8491.40021667735 -8490.88732849647 
-8491.40021667735 -8490.87884370048 
-8491.40021667735 -8490.88017411465 
-8491.40021667735 -8490.91696702717 
-8491.40021667735 -8490.88038726925 
-8491.40021667735 -8490.88704997981 
-8491.40021667735 -8490.92722864484 
-8491.40021667735 -8490.97633526936 
-8491.40021667735 -8490.9236254837 
-8491.40021667735 -8490.92356493412 
-8491.40021667735 -8490.97121066885 
-8491.40021667735 -8490.93918027603 
-8491.40021667735 -8490.87959332932 
-8491.40021667735 -8490.91964274046 
-8491.40021667735 -8490.87586599977 
-8491.40021667735 -8490.91109470117 
-8491.40021667735 -8490.88391828147 
-8491.40021667735 -8490.88710553287 
-8491.40021667735 -8490.8960936049 
-8491.40021667735 -8490.91657963707 
-8491.40021667735 -8490.93197825445 
-8491.40021667735 -8490.96883788907 
-8491.40021667735 -8490.96028694994 
-8491.40021667735 -8490.92185700566 
-8491.40021667735 -8490.87889724645 
-8491.40021667735 -8490.8756177652 
-8491.40021667735 -8490.91642056127 
-8491.40021667735 -8490.92826605076 
-8491.88795856156 -8491.40021667735 
-8491.40021667735 -8490.92368132439 
-8491.40021667735 -8490.9216097988 
-8491.40021667735 -8490.89745118985 
-8491.40021667735 -8490.90163269426 
-8491.40021667735 -8490.88744767513 
-8491.40021667735 -8490.87542025541 
-8491.40021667735 -8490.91902438515 
-8491.40021667735 -8490.9673237913 
-8491.40021667735 -8490.92104119916 
-8491.40021667735 -8490.88412577734 
-8491.40021667735 -8490.9285703544 
-8491.40021667735 -8490.93190552543 
-8491.40021667735 -8490.92876438853 
-8491.40021667735 -8490.93209162676 
-8491.40021667735 -8490.87925969178 
-8491.40021667735 -8490.92838287919 
-8491.40021667735 -8490.97609575433 
-8491.40021667735 -8490.9736111478 
-8491.40021667735 -8490.96116124325 
-8491.40021667735 -8490.88738930713 
-8491.40021667735 -8490.88390307723 
-8491.40021667735 -8490.92836218438 
-8491.40021667735 -8491.08796452361 
-8491.40021667735 -8490.94251678118 
-8491.40021667735 -8490.92548472987 
-8491.40021667735 -8490.9252684335 
-8491.40021667735 -8490.88395206075 
-8491.40021667735 -8490.93086310986 
-8491.40021667735 -8490.96703353224 
-8491.40021667735 -8490.94920049605 
-8491.40021667735 -8490.93517538717 
-8491.40021667735 -8490.92822240614 
-8491.40021667735 -8490.929288711 
-8491.40021667735 -8491.13758042652 
-8491.40021667735 -8491.01174900455 
-8491.81351545182 -8491.40021667735 
-8491.40021667735 -8490.93553069005 
-8491.40021667735 -8490.93182606381 
-8491.40021667735 -8490.88431581513 
-8491.40021667735 -8490.8790678105 
-8491.40021667735 -8490.91605645131 
-8491.40021667735 -8490.87560114663 
-8491.83588217329 -8491.40021667734 
-8491.82325114775 -8491.40021667734 
-8491.79314896617 -8491.40021667734 
-8491.40021667735 -8491.03521779767 
-8491.40021667735 -8490.99106374273 
-8491.90596079063 -8491.40021667734 
-8491.40021667735 -8490.92406870564 
-8491.40021667735 -8490.91671013805 
-8491.40021667735 -8490.87088952469 
-8491.40021667735 -8490.87412037897 
-8491.40021667735 -8491.00304096279 
-8491.40021667735 -8490.97135012323 
-8491.92140026362 -8491.40021667735 
-8491.40021667735 -8490.91291076975 
-8491.40021667735 -8490.87556824806 
-8491.40021667735 -8490.96801627958 
-8491.86951995456 -8491.40021667734 
-8491.82030200188 -8491.40021667735 
-8491.40021667735 -8491.00188324871 
-8491.40021667735 -8491.00900567385 
-8491.40021667735 -8490.91448162863 
-8491.40021667735 -8490.92378100045 
-8491.40021667735 -8490.88370581718 
-8491.40021667735 -8490.88390064932 
-8491.40021667735 -8490.8773580685 
-8491.40021667735 -8491.02480399869 
-8491.40021667735 -8490.95103727965 
-8491.40021667735 -8491.10353772825 
-8491.40021667735 -8490.89449497177 
-8491.40021667735 -8490.97912758871 
-8491.40021667735 -8490.91713429712 
-8491.40021667735 -8490.92883566072 
-8491.40021667735 -8490.88251624438 
-8491.40021667735 -8490.8804284907 
-8491.40021667735 -8490.95116842929 
-8491.40021667735 -8490.93069562702 
-8491.40021667735 -8490.9199934102 
-8491.40021667735 -8490.93642386551 
-8491.40021667735 -8490.88718393586 
-8491.40021667735 -8490.88232721635 
-8491.40021667735 -8490.96786033181 
-8491.40021667735 -8490.91302767385 
-8491.40021667735 -8490.96452157629 
-8491.40021667735 -8490.87399510024 
-8491.40021667735 -8490.93224471125 
-8491.40021667735 -8490.88700184606 
-8491.40021667735 -8490.92836338924 
-8491.40021667735 -8490.88713512931 
-8491.40021667735 -8490.87589356749 
-8491.40021667735 -8490.99800778103 
-8491.40021667735 -8490.95125888197 
-8491.40021667735 -8490.87910966669 
-8491.40021667735 -8490.92202655168 
-8491.40021667735 -8490.8836503083 
-8491.40021667735 -8490.88088007135 
-8491.40021667735 -8490.87044427312 
-8491.40021667735 -8490.88060510842 
-8491.40021667735 -8490.91316425502 
-8491.40021667735 -8490.93211415773 
-8491.86521033049 -8491.40021667735 
-8491.40021667735 -8490.90839180635 
-8491.40021667735 -8490.96805874088 
-8491.87678433199 -8491.40021667734 
-8491.40021667735 -8490.91140213073 
-8491.40021667735 -8490.94601669197 
-8491.40021667735 -8490.87900980812 
-8491.40021667735 -8490.87915150624 
-8491.40021667735 -8490.875802509 
-8491.40021667735 -8490.87914070052 
-8491.40021667735 -8490.93191050825 
-8491.40021667735 -8490.90760434071 
-8491.40021667735 -8490.92825075741 
-8491.40021667735 -8490.9165365017 
-8491.40021667735 -8490.93211621749 
-8491.86520855318 -8491.40021667734 
-8491.40021667735 -8490.87894123972 
-8491.40021667735 -8490.87923651121 
-8491.40021667735 -8490.88044736016 
-8491.40021667735 -8490.91330243729 
-8491.40021667735 -8490.88038380461 
-8491.40021667735 -8490.87898917648 
-8491.40021667735 -8490.87559172344 
-8491.40021667735 -8490.88731263402 
-8491.40021667735 -8491.0082289147 
-8491.40021667735 -8491.00231968578 
-8491.40021667735 -8490.96006073216 
-8491.40021667735 -8490.9355171862 
-8491.40021667735 -8490.96464404662 
-8491.40021667735 -8490.9316065128 
-8491.40021667735 -8490.93155534726 
-8491.40021667735 -8490.88740248613 
-8491.40021667735 -8490.87557692058 
-8491.40021667735 -8490.87050869739 
-8491.40021667735 -8490.88030998277 
-8491.40021667735 -8490.93543918294 
-8491.8718863269 -8491.40021667734 
-8491.40021667735 -8491.01291928501 
-8491.40021667735 -8491.0038673432 
-8491.40021667735 -8490.88415709702 
-8491.40021667735 -8490.93505019527 
-8491.40021667735 -8490.96385597817 
-8491.40021667735 -8490.88421060006 
-8491.40021667735 -8490.88403389643 
-8491.40021667735 -8490.88392460003 
-8491.40021667735 -8490.9561029884 
-8491.40021667735 -8490.91707008165 
-8491.40021667735 -8490.88236754819 
-8491.40021667735 -8490.87542274953 
-8491.40021667735 -8490.93159752367 
-8491.40021667735 -8490.95958389332 
-8491.40021667735 -8490.95133748574 
-8491.40021667735 -8490.98015120691 
-8491.40021667735 -8490.97165596523 
-8491.40021667735 -8490.88061913804 
-8491.40021667735 -8490.93153186922 
-8491.86866481531 -8491.40021667734 
-8491.40021667735 -8490.95119549186 
-8491.40021667735 -8490.96289436585 
-8491.40021667735 -8490.93205028146 
-8491.40021667735 -8490.95487158567 
-8491.40021667735 -8490.92823825529 
-8491.40021667735 -8490.87766837549 
-8491.40021667735 -8490.88047080891 
-8491.40021667735 -8490.90784973744 
-8491.40021667735 -8490.92357068581 
-8491.40021667735 -8490.9614848743 
-8491.88313794474 -8491.40021667734 
-8491.40021667735 -8490.93207979939 
-8491.40021667735 -8490.92165469207 
-8491.40021667735 -8490.87885380322 
-8491.40021667735 -8490.87549585018 
-8491.40021667735 -8490.88358997818 
-8491.40021667735 -8490.92807219866 
-8491.40021667735 -8490.9163902829 
-8491.40021667735 -8490.93541696354 
-8491.40021667735 -8490.93055192697 
-8491.40021667735 -8490.97645092727 
-8491.40021667735 -8490.92870986431 
-8491.40021667735 -8490.88064617465 
-8491.40021667735 -8490.88045949083 
-8491.40021667735 -8490.9601607128 
-8491.40021667735 -8490.9679603883 
-8491.40021667735 -8490.95451494899 
-8491.40021667735 -8490.97127158829 
-8491.91333589788 -8491.40021667735 
-8491.40021667735 -8490.92841035138 
-8491.40021667735 -8490.91244615039 
-8491.40021667735 -8490.88036852065 
-8491.40021667735 -8490.87874348168 
-8491.40021667735 -8490.88403882511 
-8491.40021667735 -8490.98347673409 
-8491.40021667735 -8490.94621247431 
-8491.40021667735 -8490.93565202296 
-8491.40021667735 -8490.88721263561 
-8491.40021667735 -8490.91272387376 
-8491.40021667735 -8490.88021633357 
-8491.40021667735 -8490.88345424994 
-8491.40021667735 -8490.86576387517 
-8491.40021667735 -8490.87873914375 
-8491.40021667735 -8490.91281450077 
-8491.40021667735 -8490.92722016351 
-8491.40021667735 -8490.9022990181 
-8491.40021667735 -8490.92334396118 
-8491.40021667735 -8490.88357904582 
-8491.40021667735 -8490.880393108 
-8491.40021667735 -8490.88720677233 
-8491.40021667735 -8490.88059399474 
-8491.40021667735 -8490.95237768762 
-8491.40021667735 -8490.87608476899 
-8491.40021667735 -8490.88697773056 
-8491.40021667735 -8490.88059948785 
-8491.40021667735 -8490.87539922612 
-8491.40021667735 -8490.88059015759 
-8491.40021667735 -8490.92297948995 
-8491.40021667735 -8490.88402559096 
-8491.40021667735 -8490.97885937149 
-8491.40021667735 -8490.97630440611 
-8491.84643727762 -8491.40021667735 
-8491.40021667735 -8490.97644837003 
-8491.40021667735 -8490.93067038576 
-8491.40021667735 -8490.87909094183 
-8491.40021667735 -8490.87903962588 
-8491.40021667735 -8490.91305812789 
-8491.40021667735 -8491.0274936995 
-8491.40021667735 -8491.02386308287 
-8491.40021667735 -8490.96504352582 
-8491.40021667735 -8490.96437160803 
-8491.40021667735 -8490.93142476285 
-8491.40021667735 -8490.87901711431 
-8491.40021667735 -8490.87571234979 
-8491.40021667735 -8490.9164998136 
-8491.40021667735 -8490.97591693965 
-8491.88439832309 -8491.40021667734 
-8491.40021667735 -8490.97622065367 
-8491.40021667735 -8490.92161051649 
-8491.40021667735 -8490.88367853219 
-8491.40021667735 -8490.88236842364 
-8491.40021667735 -8490.87872026743 
-8491.40021667735 -8490.92801069842 
-8491.40021667735 -8490.9127409512 
-8491.40021667735 -8490.93035272376 
-8491.40021667735 -8490.98039416814 
-8491.40021667735 -8490.92649950879 
-8491.40021667735 -8490.97210595655 
-8491.40021667735 -8490.88714630941 
-8491.40021667735 -8490.87536342281 
-8491.40021667735 -8490.91239842445 
-8491.92006879234 -8491.40021667734 
-8491.40021667735 -8491.0089898063 
-8491.40021667735 -8490.97143679685 
-8491.86860935807 -8491.40021667735 
-8491.40021667735 -8490.96745303231 
-8491.40021667735 -8490.8759970681 
-8491.40021667735 -8490.97627599872 
-8491.40021667735 -8490.97944969296 
-8491.40021667735 -8490.96398331942 
-8491.40021667735 -8490.96339173933 
-8491.40021667735 -8490.88300784104 
-8491.40021667735 -8490.93232621693 
-8491.40021667735 -8490.9609816566 
-8491.40021667735 -8490.92347644907 
-8491.40021667735 -8490.93886631491 
-8491.40021667735 -8490.90836898924 
-8491.40021667735 -8490.88413684247 
-8491.40021667735 -8490.88404701981 
-8491.82204127447 -8491.40021667734 
-8491.40021667735 -8490.96437265971 
-8491.40021667735 -8490.92979228037 
-8491.40021667735 -8490.97337248814 
-8491.40021667735 -8490.93156619912 
-8491.40021667735 -8491.03429442432 
-8491.40021667735 -8490.9458609049 
-8491.40021667735 -8490.92225614302 
-8491.40021667735 -8490.9302965973 
-8491.40021667735 -8490.93152944223 
-8491.40021667735 -8491.05914811955 
-8491.40021667735 -8491.02861531385 
-8491.40021667735 -8491.0415732762 
-8491.40021667735 -8491.02755360099 
-8491.40021667735 -8490.98695854853 
-8491.81989154238 -8491.40021667735 
-8491.40021667735 -8490.97967033101 
-8491.40021667735 -8490.9739837808 
-8491.40021667735 -8490.90831519354 
-8491.40021667735 -8490.92664311054 
-8491.40021667735 -8491.05433274298 
-8491.83899457587 -8491.40021667734 
-8491.82990399635 -8491.40021667735 
-8491.40021667735 -8491.046968333 
-8491.40021667735 -8491.04146721902 
-8491.85823982383 -8491.40021667734 
-8491.40021667735 -8491.00754815534 
-8491.40021667735 -8490.96531883914 
-8491.9197350393 -8491.40021667735 
-8491.40021667735 -8490.95582684058 
-8491.40021667735 -8491.03071298195 
-8491.40021667735 -8491.07856332073 
-8491.40021667735 -8490.98282436983 
-8491.40021667735 -8490.93201907833 
-8491.40021667735 -8490.91648020467 
-8491.40021667735 -8490.92675771534 
-8491.40021667735 -8490.87778553423 
-8491.40021667735 -8490.93395376827 
-8491.40021667735 -8490.92662653992 
-8491.40021667735 -8491.00916245777 
-8491.40021667735 -8490.97899668023 
-8491.40021667735 -8490.97949227921 
-8491.40021667735 -8490.88399448503 
-8491.40021667735 -8490.88429156402 
-8491.40021667735 -8490.93554051532 
-8491.40021667735 -8490.97009152191 
-8491.40021667735 -8490.92197131211 
-8491.40021667735 -8490.99992724803 
-8491.40021667735 -8490.9386613031 
-8491.82058981562 -8491.40021667734 
-8491.40021667735 -8490.9732661759 
-8491.40021667735 -8491.0105827108 
-8491.40021667735 -8490.88418429913 
-8491.40021667735 -8490.90623479256 
-8491.40021667735 -8490.93559121685 
-8491.40021667735 -8490.9760303556 
-8491.40021667735 -8490.97787600041 
-8491.40021667735 -8491.01020590951 
-8491.40021667735 -8490.9357967154 
-8491.40021667735 -8490.91646283428 
-8491.40021667735 -8490.88781352535 
-8491.40021667735 -8490.92719524612 
-8491.40021667735 -8490.8804490187 
-8491.40021667735 -8490.91432383284 
-8491.40021667735 -8490.88415142814 
-8491.40021667735 -8490.87406991381 
-8491.40021667735 -8490.88058322278 
-8491.40021667735 -8490.88368936594 
-8491.40021667735 -8490.93169979403 
-8491.40021667735 -8490.95633909792 
-8491.40021667735 -8490.91310616966 
-8491.40021667735 -8490.97140790603 
-8491.40021667735 -8490.88119516387 
-8491.40021667735 -8490.9305201945 
-8491.40021667735 -8490.90877137336 
-8491.40021667735 -8490.88600788926 
-8491.40021667735 -8490.87933323425 
-8491.40021667735 -8490.88381004644 
-8491.40021667735 -8490.89136521063 
-8491.40021667735 -8490.92733409285 
-8491.40021667735 -8490.8873133068 
-8491.40021667735 -8490.91313158202 
-8491.40021667735 -8490.93563796822 
-8491.40021667735 -8490.92845186382 
-8491.40021667735 -8490.88753707774 
-8491.40021667735 -8490.91075264392 
-8491.40021667735 -8491.00445279043 
-8491.40021667735 -8490.92954476611 
-8491.82107115792 -8491.40021667734 
-8491.40021667735 -8490.93095435854 
-8491.40021667735 -8490.96423526401 
-8491.40021667735 -8490.88045141784 
-8491.40021667735 -8490.8790783223 
-8491.40021667735 -8490.92217607463 
-8491.40021667735 -8490.90701070517 
-8491.91340630295 -8491.40021667734 
-8491.40021667735 -8491.03120653057 
-8491.40021667735 -8491.05135601562 
-8491.40021667735 -8491.1005253521 
-8491.40021667735 -8490.96434923851 
-8491.40021667735 -8490.9768003745 
-8491.40021667735 -8490.88420732317 
-8491.40021667735 -8490.88719095578 
-8491.40021667735 -8490.88403124125 
-8491.40021667735 -8490.92556513173 
-8491.40021667735 -8490.95021185696 
-8491.91298809596 -8491.40021667734 
-8491.40021667735 -8490.96426636639 
-8491.40021667735 -8490.91913786628 
-8491.40021667735 -8490.92403567901 
-8491.40021667735 -8490.91970596613 
-8491.40021667735 -8490.96492917831 
-8491.40021667735 -8490.97067060467 
-8491.40021667735 -8490.88761187222 
-8491.40021667735 -8490.96037127091 
-8491.40021667735 -8490.93816128942 
-8491.78393513714 -8491.40021667734 
-8491.74395537963 -8491.40021667735 
-8491.40021667735 -8490.9443941515 
-8491.40021667735 -8490.92721975008 
-8491.40021667735 -8490.89112364041 
-8491.40021667735 -8491.00371959336 
-8491.40021667735 -8491.02052439508 
-8491.40021667735 -8490.93251647876 
-8491.40021667735 -8490.97644819566 
-8491.40021667735 -8490.98635611636 
-8491.40021667735 -8491.05662498309 
-8491.40021667735 -8490.96875672916 
-8491.40021667735 -8490.96374390132 
-8491.87722447362 -8491.40021667734 
-8491.40021667735 -8490.9509146519 
-8491.78465669393 -8491.40021667735 
-8491.83936497497 -8491.40021667734 
-8491.40021667735 -8490.89359473631 
-8491.40021667735 -8490.94149143746 
-8491.40021667735 -8491.02310773623 
-8491.85726853326 -8491.40021667735 
-8491.40021667735 -8490.98017224264 
-8491.40021667735 -8490.89757951398 
-8491.40021667735 -8490.87957236695 
-8491.40021667735 -8490.87890893297 
-8491.40021667735 -8490.91322798202 
-8491.40021667735 -8490.93524015161 
-8491.87701551259 -8491.40021667735 
-8491.40021667735 -8490.95889143848 
-8491.40021667735 -8491.02329989258 
-8491.40021667735 -8490.96592208684 
-8491.40021667735 -8491.018988437 
-8491.40021667735 -8490.95810528746 
-8491.40021667735 -8491.01676806098 
-8491.40021667735 -8490.92895193518 
-8491.40021667735 -8490.93574753609 
-8491.40021667735 -8490.89446929317 
-8491.40021667735 -8490.96080939802 
-8491.40021667735 -8490.92296155349 
-8491.40021667735 -8490.97968656238 
-8491.40021667735 -8490.97501915456 
-8491.40021667735 -8491.02675162598 
-8491.40021667735 -8490.92899450634 
-8491.40021667735 -8490.92437631108 
-8491.40021667735 -8491.02465255066 
-8491.40021667735 -8490.93422697918 
-8491.40021667735 -8490.97631254363 
-8491.40021667735 -8490.88342621293 
-8491.40021667735 -8490.87561565986 
-8491.40021667735 -8490.88352153849 
-8491.40021667735 -8490.88373731085 
-8491.40021667735 -8490.91681155638 
-8491.40021667735 -8490.91302424274 
-8491.40021667735 -8490.88234304171 
-8491.40021667735 -8491.02797705969 
-8491.40021667735 -8490.88707744449 
-8491.40021667735 -8490.92426220364 
-8491.40021667735 -8490.87397917384 
-8491.40021667735 -8490.87587138202 
-8491.40021667735 -8490.91156528113 
-8491.40021667735 -8490.92848256918 
-8491.87876665622 -8491.40021667734 
-8491.40021667735 -8490.93217298529 
-8491.40021667735 -8490.92503460102 
-8491.40021667735 -8491.00741114248 
-8491.40021667735 -8490.92382710072 
-8491.40021667735 -8490.92413762635 
-8491.40021667735 -8490.92892370988 
-8491.40021667735 -8490.92893807992 
-8491.40021667735 -8490.87565826234 
-8491.40021667735 -8490.91849037443 
-8491.40021667735 -8490.97297645745 
-8491.87892524863 -8491.40021667735 
-8491.40021667735 -8490.9216358965 
-8491.40021667735 -8490.8789104967 
-8491.40021667735 -8490.9278848404 
-8491.40021667735 -8490.91326820604 
-8491.40021667735 -8490.93554391158 
-8491.40021667735 -8490.93062118045 
-8491.40021667735 -8490.91690805243 
-8491.40021667735 -8490.9762931132 
-8491.40021667735 -8490.89441146702 
-8491.40021667735 -8490.92378049395 
-8491.40021667735 -8490.87875172736 
-8491.40021667735 -8490.91302428945 
-8491.40021667735 -8490.93189188396 
-8491.86864687135 -8491.40021667734 
-8491.40021667735 -8491.00843688148 
-8491.40021667735 -8491.04149728574 
-8491.40021667735 -8490.94254398391 
-8491.40021667735 -8490.93064700573 
-8491.40021667735 -8490.96559536087 
-8491.40021667735 -8490.90461191852 
-8491.40021667735 -8491.02096295022 
-8491.40021667735 -8490.90835950597 
-8491.40021667735 -8490.92708276794 
-8491.40021667735 -8490.9317895712 
-8491.40021667735 -8490.91718793473 
-8491.40021667735 -8490.88360376201 
-8491.40021667735 -8490.88006440142 
-8491.40021667735 -8490.88399465196 
-8491.40021667735 -8490.88231745835 
-8491.40021667735 -8490.9235411408 
-8491.40021667735 -8490.91618597711 
-8491.40021667735 -8490.91881320965 
-8491.40021667735 -8490.9319517039 
-8491.40021667735 -8490.88383140591 
-8491.40021667735 -8490.9283101212 
-8491.40021667735 -8490.87537767399 
-8491.40021667735 -8490.88238197633 
-8491.40021667735 -8490.87575178697 
-8491.40021667735 -8490.91643958828 
-8491.40021667735 -8490.92703530774 
-8491.40021667735 -8490.91540702389 
-8491.40021667735 -8490.95562402957 
-8491.40021667735 -8490.88421508628 
-8491.40021667735 -8490.89130605591 
-8491.40021667735 -8490.88414568572 
-8491.40021667735 -8490.96358844777 
-8491.40021667735 -8490.93208931514 
-8491.40021667735 -8490.96477304487 
-8491.40021667735 -8490.92009337685 
-8491.40021667735 -8490.88380865389 
-8491.40021667735 -8490.87524356917 
-8491.40021667735 -8490.8758277846 
-8491.40021667735 -8490.90675266668 
-8491.91984370226 -8491.40021667735 
-8491.40021667735 -8490.91659553462 
-8491.40021667735 -8490.88248794657 
-8491.87053811562 -8491.40021667734 
-8491.40021667735 -8491.00790994293 
-8491.40021667735 -8490.88284100198 
-8491.40021667735 -8490.87557728929 
-8491.40021667735 -8490.88032867836 
-8491.40021667735 -8490.97029357649 
-8491.40021667735 -8491.02122778764 
-8491.40021667735 -8490.93571106836 
-8491.40021667735 -8490.88068202466 
-8491.40021667735 -8490.9234969629 
-8491.40021667735 -8490.90317744765 
-8491.40021667735 -8490.93923711076 
-8491.40021667735 -8491.0119149863 
-8491.40021667735 -8490.92721919653 
-8491.40021667735 -8490.97446457589 
-8491.40021667735 -8491.0587622996 
-8491.82953275755 -8491.40021667734 
-8491.40021667735 -8490.93248020204 
-8491.40021667735 -8490.92693810955 
-8491.40021667735 -8490.93546057455 
-8491.40021667735 -8491.00976704564 
-8491.40021667735 -8491.08001319918 
-8491.7779605521 -8491.40021667735 
-8491.790456864 -8491.40021667735 
-8491.40021667735 -8491.01066032852 
-8491.40021667735 -8490.95035963453 
-8491.40021667735 -8490.87431609838 
-8491.40021667735 -8490.93052247609 
-8491.40021667735 -8490.91138825481 
-8491.40021667735 -8490.97596421684 
-8491.40021667735 -8490.98352296372 
-8491.86989845392 -8491.40021667735 
-8491.40021667735 -8491.05115607244 
-8491.40021667735 -8491.00740336473 
-8491.40021667735 -8491.01961090828 
-8491.87467569984 -8491.40021667735 
-8491.40021667735 -8490.95939233733 
-8491.40021667735 -8490.98277957478 
-8491.40021667735 -8490.9199796323 
-8491.40021667735 -8490.92719733564 
-8491.40021667735 -8490.88258002253 
-8491.40021667735 -8490.92598255424 
-8491.40021667735 -8490.92896056112 
-8491.40021667735 -8490.92178028276 
-8491.40021667735 -8490.95627781013 
-8491.40021667735 -8490.93582559354 
-8491.40021667735 -8490.93867942425 
-8491.40021667735 -8491.04646350789 
-8491.40021667735 -8490.97288194458 
-8491.40021667735 -8490.974030864 
-8491.40021667735 -8490.93236246354 
-8491.40021667735 -8490.91380877004 
-8491.40021667735 -8490.973216342 
-8491.91990570902 -8491.40021667734 
-8491.40021667735 -8490.93543707612 
-8491.40021667735 -8491.0087944712 
-8491.40021667735 -8490.95995285964 
-8491.82034334877 -8491.40021667734 
-8491.40021667735 -8490.9337225319 
-8491.40021667735 -8491.00395676049 
-8491.40021667735 -8490.96375322216 
-8491.40021667735 -8490.97379056897 
-8491.88269585621 -8491.40021667734 
-8491.40021667735 -8490.96412993555 
-8491.40021667735 -8490.91728915897 
-8491.40021667735 -8490.92338897127 
-8491.40021667735 -8490.96461342373 
-8491.88750753514 -8491.40021667734 
-8491.40021667735 -8490.92041551717 
-8491.40021667735 -8490.89455456427 
-8491.40021667735 -8490.88024762757 
-8491.40021667735 -8490.87551297514 
-8491.40021667735 -8490.8827755177 
-8491.40021667735 -8490.91708489282 
-8491.40021667735 -8490.97602918222 
-8491.83599597033 -8491.40021667734 
-8491.40021667735 -8490.9833266961 
-8491.40021667735 -8491.01259259773 
-8491.40021667735 -8490.91304179431 
-8491.40021667735 -8490.88642384195 
-8491.40021667735 -8490.88395960408 
-8491.40021667735 -8490.87564127228 
-8491.40021667735 -8490.90822866387 
-8491.40021667735 -8490.87445402491 
-8491.40021667735 -8490.93613240589 
-8491.40021667735 -8491.02821098603 
-8491.40021667735 -8491.06591962338 
-8491.73970360993 -8491.40021667734 
-8491.40021667735 -8490.9765286276 
-8491.40021667735 -8491.01905317557 
-8491.40021667735 -8490.92831526136 
-8491.40021667735 -8490.92595635929 
-8491.40021667735 -8490.92056996184 
-8491.40021667735 -8490.92879517487 
-8491.88425381579 -8491.40021667735 
-8491.40021667735 -8490.87870475465 
-8491.40021667735 -8490.92324026599 
-8491.40021667735 -8490.916164088 
-8491.40021667735 -8490.93203517086 
-8491.40021667735 -8490.98276287097 
-8491.40021667735 -8490.97719955445 
-8491.40021667735 -8490.99177096696 
-8491.40021667735 -8490.96637607491 
-8491.40021667735 -8490.92298545561 
-8491.40021667735 -8490.9947343748 
-8491.40021667735 -8490.8837025123 
-8491.40021667735 -8490.92824878751 
-8491.40021667735 -8490.89766366517 
-8491.40021667735 -8490.9799634235 
-8491.40021667735 -8490.97719578009 
-8491.40021667735 -8491.06380242753 
-8491.78159517449 -8491.40021667735 
-8491.40021667735 -8491.04332692417 
-8491.40021667735 -8491.0276772492 
-8491.40021667735 -8491.02575527379 
-8491.40021667735 -8490.88392456203 
-8491.40021667735 -8490.91166521501 
-8491.40021667735 -8490.87464001251 
-8491.40021667735 -8490.9325384748 
-8491.40021667735 -8491.02732834984 
-8491.40021667735 -8490.91304505462 
-8491.91648634439 -8491.40021667734 
-8491.40021667735 -8491.00285960822 
-8491.40021667735 -8491.01169682545 
-8491.40021667735 -8490.96859307721 
-8491.40021667735 -8490.89106621239 
-8491.40021667735 -8490.96011108365 
-8491.40021667735 -8490.91407643842 
-8491.40021667735 -8490.96306513209 
-8491.88901830902 -8491.40021667734 
-8491.40021667735 -8490.92319833779 
-8491.40021667735 -8490.92574304598 
-8491.40021667735 -8490.93616621984 
-8491.91315292224 -8491.40021667734 
-8491.40021667735 -8491.01146460821 
-8491.40021667735 -8490.9267172367 
-8491.40021667735 -8491.00382637011 
-8491.86825744038 -8491.40021667734 
-8491.40021667735 -8490.94606715296 
-8491.40021667735 -8490.92213146898 
-8491.40021667735 -8490.93849280154 
-8491.92173393415 -8491.40021667734 
-8491.40021667735 -8490.91933422381 
-8491.40021667735 -8490.88077399817 
-8491.40021667735 -8490.89915994345 
-8491.40021667735 -8490.92856180565 
-8491.40021667735 -8490.88255366115 
-8491.40021667735 -8490.93181090139 
-8491.40021667735 -8490.91966255146 
-8491.40021667735 -8490.92881851022 
-8491.40021667735 -8490.92311577179 
-8491.40021667735 -8490.92890578672 
-8491.40021667735 -8490.91621895603 
-8491.40021667735 -8490.97664009356 
-8491.40021667735 -8490.88722769475 
-8491.40021667735 -8490.8842234925 
-8491.40021667735 -8490.91140903313 
-8491.40021667735 -8490.90812047838 
-8491.40021667735 -8490.91545082614 
-8491.40021667735 -8490.93558098199 
-8491.40021667735 -8490.91997545028 
-8491.40021667735 -8490.96604178743 
-8491.40021667735 -8490.8873553319 
-8491.40021667735 -8490.9317095824 
-8491.40021667735 -8490.88035169022 
-8491.40021667735 -8490.88733133002 
-8491.40021667735 -8490.9112781432 
-8491.40021667735 -8490.92314707482 
-8491.40021667735 -8490.969332813 
-8491.40021667735 -8490.88215948489 
-8491.40021667735 -8490.93209193467 
-8491.40021667735 -8490.92666201333 
-8491.40021667735 -8490.93178108054 
-8491.40021667735 -8491.00198558994 
-8491.40021667735 -8490.97623531765 
-8491.91660107543 -8491.40021667734 
-8491.40021667735 -8490.92895050692 
-8491.40021667735 -8490.90626491674 
-8491.40021667735 -8490.88078502549 
-8491.40021667735 -8490.8754450626 
-8491.40021667735 -8490.88425904459 
-8491.40021667735 -8490.96391436491 
-8491.40021667735 -8490.9556230799 
-8491.82093314038 -8491.40021667734 
-8491.40021667735 -8490.98330030329 
-8491.40021667735 -8490.99382164909 
-8491.40021667735 -8490.92867121982 
-8491.40021667735 -8490.93079325487 
-8491.40021667735 -8490.88395566338 
-8491.40021667735 -8490.97965744432 
-8491.83400909642 -8491.40021667734 
-8491.40021667735 -8490.99422938311 
-8491.40021667735 -8490.94806736389 
-8491.40021667735 -8490.97256590429 
-8491.40021667735 -8490.96366387449 
-8491.40021667735 -8490.98014446447 
-8491.40021667735 -8490.9105481508 
-8491.40021667735 -8490.97692115657 
-8491.40021667735 -8490.91613084655 
-8491.40021667735 -8490.92366226515 
-8491.40021667735 -8491.06373180293 
-8491.91769111441 -8491.40021667734 
-8491.40021667735 -8490.97013236082 
-8491.40021667735 -8490.94581989197 
-8491.40021667735 -8490.98231672195 
-8491.40021667735 -8491.02298988721 
-8491.8401194229 -8491.40021667734 
-8491.40021667735 -8491.03141085282 
-8491.40021667735 -8490.93433558785 
-8491.40021667735 -8490.91322763527 
-8491.40021667735 -8490.93057287362 
-8491.40021667735 -8490.97101296326 
-8491.40021667735 -8490.97863936303 
-8491.84521557627 -8491.40021667734 
-8491.40021667735 -8490.96834762612 
-8491.40021667735 -8491.03381789452 
-8491.40021667735 -8490.97697334 
-8491.40021667735 -8491.01458530701 
-8491.40021667735 -8490.9740668459 
-8491.82568635421 -8491.40021667734 
-8491.40021667735 -8490.93168463617 
-8491.40021667735 -8490.97542441044 
-8491.40021667735 -8490.92750209086 
-8491.92158293955 -8491.40021667735 
-8491.40021667735 -8490.92832220073 
-8491.40021667735 -8491.03771556233 
-8491.40021667735 -8490.91617003995 
-8491.40021667735 -8490.93235233434 
-8491.40021667735 -8490.87422055101 
-8491.40021667735 -8490.92091133272 
-8491.40021667735 -8490.93233646052 
-8491.40021667735 -8490.95186017006 
-8491.40021667735 -8490.94421822185 
-8491.40021667735 -8490.92005544715 
-8491.40021667735 -8490.88766035741 
-8491.40021667735 -8490.96415828551 
-8491.40021667735 -8490.91851048959 
-8491.40021667735 -8490.92078355505 
-8491.8274633789 -8491.40021667734 
-8491.40021667735 -8491.0110099889 
-8491.87320975918 -8491.40021667734 
-8491.40021667735 -8491.01261920102 
-8491.40021667735 -8491.00415386031 
-8491.40021667735 -8490.93897065345 
-8491.40021667735 -8490.96042167803 
-8491.40021667735 -8490.95574766665 
-8491.40021667735 -8490.88420183045 
-8491.40021667735 -8490.87417085465 
-8491.40021667735 -8490.86914020385 
-8491.40021667735 -8490.87896669053 
-8491.40021667735 -8490.91516826902 
-8491.40021667735 -8490.88715532963 
-8491.40021667735 -8490.92513384236 
-8491.40021667735 -8491.00040836216 
-8491.40021667735 -8490.96913519967 
-8491.40021667735 -8490.93537418148 
-8491.40021667735 -8490.90494607345 
-8491.40021667735 -8490.88749446004 
-8491.40021667735 -8490.90794495046 
-8491.40021667735 -8490.88370533066 
-8491.40021667735 -8490.87580106672 
-8491.40021667735 -8490.87579118107 
-8491.40021667735 -8490.8809059776 
-8491.40021667735 -8490.87949679821 
-8491.40021667735 -8490.88045243442 
-8491.40021667735 -8490.94617679545 
-8491.40021667735 -8490.88059826831 
-8491.40021667735 -8490.93610707801 
-8491.40021667735 -8490.93568115078 
-8491.40021667735 -8490.92764568586 
-8491.40021667735 -8490.97938642813 
-8491.40021667735 -8490.93182438589 
-8491.40021667735 -8490.9641858887 
-8491.40021667735 -8490.92369915742 
-8491.40021667735 -8490.8825270317 
-8491.40021667735 -8490.8824020502 
-8491.40021667735 -8490.88064844913 
-8491.40021667735 -8490.8837117212 
-8491.40021667735 -8490.91870601328 
-8491.40021667735 -8490.92143137741 
-8491.40021667735 -8490.97568373802 
-8491.40021667735 -8490.92171976856 
-8491.40021667735 -8490.93191884377 
-8491.40021667735 -8490.88392281382 
-8491.40021667735 -8490.88060571812 
-8491.40021667735 -8490.91590621289 
-8491.40021667735 -8490.87547385656 
-8491.40021667735 -8490.88235852623 
-8491.40021667735 -8490.88235524297 
-8491.40021667735 -8490.88375889105 
-8491.40021667735 -8490.87424568299 
-8491.40021667735 -8490.88439744111 
-8491.40021667735 -8490.93522813378 
-8491.40021667735 -8490.95968801514 
-8491.40021667735 -8490.97055293353 
-8491.40021667735 -8491.01066457507 
-8491.40021667735 -8490.9705484301 
-8491.87200137693 -8491.40021667734 
-8491.40021667735 -8490.93218646261 
-8491.40021667735 -8490.91294498895 
-8491.40021667735 -8490.87890690121 
-8491.40021667735 -8490.88400309408 
-8491.40021667735 -8490.89651896818 
-8491.40021667735 -8490.9329517475 
-8491.8873273705 -8491.40021667735 
-8491.40021667735 -8490.98287925278 
-8491.83975170752 -8491.40021667735 
-8491.40021667735 -8490.95638911638 
-8491.40021667735 -8490.94285346841 
-8491.40021667735 -8490.93173731188 
-8491.40021667735 -8490.88366806063 
-8491.40021667735 -8490.88399078968 
-8491.40021667735 -8490.92265990937 
-8491.40021667735 -8490.92225918008 
-8491.40021667735 -8490.88730094335 
-8491.40021667735 -8490.92879563482 
-8491.40021667735 -8490.93230148495 
-8491.40021667735 -8490.96397665255 
-8491.40021667735 -8490.92923812791 
-8491.40021667735 -8490.98373113545 
-8491.40021667735 -8490.91943235561 
-8491.40021667735 -8490.97982774437 
-8491.40021667735 -8490.91634897691 
-8491.40021667735 -8490.92825539114 
-8491.40021667735 -8490.88387226708 
-8491.40021667735 -8490.91611320394 
-8491.40021667735 -8490.92574243678 
-8491.40021667735 -8490.92266817809 
-8491.90478213948 -8491.40021667734 
-8491.40021667735 -8490.97019160216 
-8491.40021667735 -8490.91706520705 
-8491.40021667735 -8490.96968018915 
-8491.40021667735 -8490.87920980945 
-8491.40021667735 -8490.93032928262 
-8491.40021667735 -8490.92340086214 
-8491.40021667735 -8490.88385269412 
-8491.40021667735 -8490.92892415258 
-8491.40021667735 -8490.92765228193 
-8491.40021667735 -8490.87923975344 
-8491.40021667735 -8490.9078990168 
-8491.90107702755 -8491.40021667734 
-8491.40021667735 -8490.92224678538 
-8491.40021667735 -8490.8993130919 
-8491.40021667735 -8490.92601344372 
-8491.40021667735 -8490.9241699102 
-8491.40021667735 -8490.88706467421 
-8491.40021667735 -8490.92864760717 
-8491.40021667735 -8490.91841134115 
-8491.40021667735 -8490.88394648211 
-8491.40021667735 -8490.92814265468 
-8491.40021667735 -8490.92564859844 
-8491.40021667735 -8490.96404458806 
-8491.40021667735 -8490.9795849213 
-8491.86403889128 -8491.40021667734 
-8491.40021667735 -8490.97114867182 
-8491.40021667735 -8490.92610143008 
-8491.40021667735 -8490.87923321903 
-8491.40021667735 -8490.92343578695 
-8491.40021667735 -8490.91258813091 
-8491.40021667735 -8490.92845981563 
-8491.40021667735 -8490.91881514405 
-8491.40021667735 -8491.02369371966 
-8491.40021667735 -8490.97637970695 
-8491.40021667735 -8490.88064296683 
-8491.40021667735 -8490.8824211086 
-8491.40021667735 -8490.95954604256 
-8491.40021667735 -8490.88765520458 
-8491.40021667735 -8490.88074350191 
-8491.40021667735 -8490.88419445213 
-8491.40021667735 -8490.91322643933 
-8491.40021667735 -8490.87929695705 
-8491.40021667735 -8490.97631609597 
-8491.40021667735 -8490.97135383423 
-8491.40021667735 -8490.90844053889 
-8491.91678567665 -8491.40021667734 
-8491.40021667735 -8490.93242691624 
-8491.40021667735 -8491.02383012905 
-8491.40021667735 -8490.9763902088 
-8491.40021667735 -8490.88757475606 
-8491.40021667735 -8490.95098467526 
-8491.40021667735 -8490.88722288383 
-8491.40021667735 -8490.92185373929 
-8491.40021667735 -8490.88397744746 
-8491.40021667735 -8490.92710908361 
-8491.40021667735 -8490.93169735501 
-8491.40021667735 -8490.9632865872 
-8491.90608081672 -8491.40021667734 
-8491.40021667735 -8490.92209616971 
-8491.40021667735 -8490.97161842331 
-8491.40021667735 -8490.97976506497 
-8491.40021667735 -8490.87395467049 
-8491.40021667735 -8490.9125696236 
-8491.40021667735 -8490.88037125904 
-8491.40021667735 -8490.89096403794 
-8491.40021667735 -8490.88410603467 
-8491.40021667735 -8490.93228113847 
-8491.40021667735 -8490.93186422804 
-8491.40021667735 -8490.95634951524 
-8491.40021667735 -8490.92719627004 
-8491.40021667735 -8490.91646596347 
-8491.40021667735 -8490.91851346712 
-8491.91797814217 -8491.40021667735 
-8491.40021667735 -8490.97680543197 
-8491.40021667735 -8490.95739446142 
-8491.40021667735 -8490.93242044813 
-8491.40021667735 -8490.93091421105 
-8491.40021667735 -8490.90327260356 
-8491.40021667735 -8490.97178302019 
-8491.40021667735 -8490.95423189766 
-8491.40021667735 -8490.93198400491 
-8491.40021667735 -8490.96121406635 
-8491.40021667735 -8490.98053931897 
-8491.40021667735 -8490.92410359953 
-8491.40021667735 -8490.91118015352 
-8491.91304784771 -8491.40021667734 
-8491.40021667735 -8490.92202068297 
-8491.40021667735 -8490.94257226166 
-8491.40021667735 -8490.8875374751 
-8491.40021667735 -8490.91629584113 
-8491.40021667735 -8490.91212874454 
-8491.40021667735 -8490.98024263203 
-8491.40021667735 -8490.97351642402 
-8491.40021667735 -8490.98002040834 
-8491.40021667735 -8490.92697156101 
-8491.40021667735 -8490.88404446511 
-8491.40021667735 -8490.93554667532 
-8491.40021667735 -8490.97711352128 
-8491.40021667735 -8490.97126064853 
-8491.91786574379 -8491.40021667734 
-8491.40021667735 -8490.96519977493 
-8491.40021667735 -8491.05729448866 
-8491.8783497275 -8491.40021667734 
-8491.40021667735 -8491.01919208808 
-8491.40021667735 -8490.92011545776 
-8491.40021667735 -8490.87932558015 
-8491.40021667735 -8490.93185394353 
-8491.40021667735 -8490.97130355804 
-8491.40021667735 -8490.93544852871 
-8491.40021667735 -8490.9526017139 
-8491.40021667735 -8490.92011490786 
-8491.40021667735 -8490.91277128339 
-8491.40021667735 -8490.88764571197 
-8491.40021667735 -8490.97529322676 
-8491.40021667735 -8491.05644170639 
-8491.912489253 -8491.40021667734 
-8491.40021667735 -8490.87091170109 
-8491.40021667735 -8490.87925350001 
-8491.40021667735 -8490.88401259041 
-8491.40021667735 -8490.88074912054 
-8491.40021667735 -8490.88235806425 
-8491.40021667735 -8490.93270892207 
-8491.40021667735 -8490.92820666267 
-8491.40021667735 -8491.0736794386 
-8491.40021667735 -8491.0200005425 
-8491.40021667735 -8491.05491585307 
-8491.40021667735 -8490.93156489992 
-8491.40021667735 -8490.91308499247 
-8491.40021667735 -8490.95554184931 
-8491.40021667735 -8490.93192136942 
-8491.40021667735 -8490.90326131145 
-8491.40021667735 -8490.97661120176 
-8491.88334122267 -8491.40021667734 
-8491.40021667735 -8491.02256399465 
-8491.801085921 -8491.40021667735 
-8491.40021667735 -8491.0072524936 
-8491.40021667735 -8490.93190366905 
-8491.40021667735 -8490.92381059813 
-8491.40021667735 -8491.06665786661 
-8491.74153738039 -8491.40021667735 
-8491.40021667735 -8491.0084457294 
-8491.40021667735 -8490.91632502913 
-8491.40021667735 -8490.92844128412 
-8491.40021667735 -8490.88721256395 
-8491.40021667735 -8490.91930043944 
-8491.40021667735 -8490.9201339713 
-8491.40021667735 -8491.01922681438 
-8491.40021667735 -8491.08045165996 
-8491.74479563339 -8491.40021667734 
-8491.40021667735 -8491.1156061539 
-8491.40021667735 -8491.01803793138 
-8491.40021667735 -8490.88390820413 
-8491.40021667735 -8490.87110173909 
-8491.40021667735 -8490.87883938566 
-8491.40021667735 -8490.92870471014 
-8491.40021667735 -8490.90975166796 
-8491.40021667735 -8490.93240974162 
-8491.40021667735 -8491.01558319867 
-8491.40021667735 -8490.94399871305 
-8491.82690199649 -8491.40021667734 
-8491.40021667735 -8490.98298790009 
-8491.92509636741 -8491.40021667735 
-8491.40021667735 -8490.91389467252 
-8491.90585596095 -8491.40021667734 
-8491.77013489907 -8491.40021667734 
-8491.80784644802 -8491.40021667734 
-8491.40021667735 -8490.91307851862 
-8491.40021667735 -8490.89424867695 
-8491.40021667735 -8490.96344377151 
-8491.40021667735 -8490.98110678715 
-8491.40021667735 -8490.99879181551 
-8491.40021667735 -8490.9284185075 
-8491.40021667735 -8490.93231095951 
-8491.40021667735 -8490.97949282413 
-8491.40021667735 -8491.01704118301 
-8491.40021667735 -8490.92727957996 
-8491.40021667735 -8490.93203738741 
-8491.40021667735 -8490.99219967331 
-8491.40021667735 -8491.03033846897 
-8491.40021667735 -8491.01283108549 
-8491.40021667735 -8490.97993525971 
-8491.40021667735 -8490.92372165635 
-8491.40021667735 -8490.98005145042 
-8491.40021667735 -8490.92890567228 
-8491.40021667735 -8490.88448913337 
-8491.40021667735 -8490.98377517285 
-8491.40021667735 -8490.88396775581 
-8491.40021667735 -8490.92218528174 
-8491.40021667735 -8490.88419256488 
-8491.40021667735 -8490.87915750629 
-8491.40021667735 -8490.88075299806 
-8491.40021667735 -8490.91641356639 
-8491.40021667735 -8490.92567824523 
-8491.40021667735 -8490.93394169196 
-8491.83928824163 -8491.40021667735 
-8491.40021667735 -8491.0077820765 
-8491.40021667735 -8490.97356184117 
-8491.40021667735 -8490.93567961738 
-8491.40021667735 -8490.90362852466 
-8491.40021667735 -8490.92642914669 
-8491.40021667735 -8490.93454426194 
-8491.40021667735 -8490.88255728349 
-8491.40021667735 -8490.9596489527 
-8491.40021667735 -8490.99880250706 
-8491.40021667735 -8491.06884998222 
-8491.86632572714 -8491.40021667735 
-8491.40021667735 -8490.98035741518 
-8491.40021667735 -8490.91133843408 
-8491.40021667735 -8490.87947415237 
-8491.40021667735 -8490.88521141629 
-8491.40021667735 -8490.95668626242 
-8491.40021667735 -8490.87422927196 
-8491.40021667735 -8490.92543333533 
-8491.40021667735 -8490.88744722221 
-8491.40021667735 -8490.90800812886 
-8491.40021667735 -8490.93551106527 
-8491.40021667735 -8490.87571155991 
-8491.40021667735 -8490.95954877963 
-8491.40021667735 -8490.97577219321 
-8491.84071389629 -8491.40021667734 
-8491.40021667735 -8490.9680417631 
-8491.40021667735 -8490.98506258591 
-8491.40021667735 -8490.91835181515 
-8491.88175040527 -8491.40021667734 
-8491.40021667735 -8490.92198317362 
-8491.40021667735 -8490.98169365697 
-8491.40021667735 -8490.92345644817 
-8491.91220495799 -8491.40021667734 
-8491.40021667735 -8491.03741688456 
-8491.40021667735 -8491.10492479199 
-8491.40021667735 -8491.08876876616 
-8491.40021667735 -8491.02129876033 
-8491.40021667735 -8490.9421190051 
-8491.40021667735 -8490.96348299243 
-8491.40021667735 -8490.96360515831 
-8491.40021667735 -8490.9385956015 
-8491.40021667735 -8490.91617842585 
-8491.40021667735 -8490.92886662574 
-8491.40021667735 -8490.88735632763 
-8491.40021667735 -8490.88397826407 
-8491.40021667735 -8490.92822012076 
-8491.40021667735 -8490.88465166913 
-8491.40021667735 -8490.94577084477 
-8491.40021667735 -8490.93245593433 
-8491.40021667735 -8490.94272493811 
-8491.40021667735 -8490.9440779276 
-8491.40021667735 -8490.97689564532 
-8491.40021667735 -8490.93537474398 
-8491.40021667735 -8490.95884539957 
-8491.40021667735 -8490.96366952849 
-8491.40021667735 -8490.93508997618 
-8491.40021667735 -8490.99860629549 
-8491.40021667735 -8491.04672864242 
-8491.40021667735 -8491.02005288711 
-8491.40021667735 -8491.03018266213 
-8491.84048071128 -8491.40021667734 
-8491.40021667735 -8491.06422980003 
-8491.40021667735 -8490.99392220126 
-8491.40021667735 -8491.01544886284 
-8491.87698897232 -8491.40021667735 
-8491.40021667735 -8490.93166141644 
-8491.91312611886 -8491.40021667734 
-8491.40021667735 -8490.97180250609 
-8491.40021667735 -8490.89464272619 
-8491.40021667735 -8490.88397321546 
-8491.40021667735 -8490.88419455299 
-8491.40021667735 -8491.0039059021 
-8491.40021667735 -8490.99394117122 
-8491.40021667735 -8490.92791026339 
-8491.40021667735 -8490.91069297131 
-8491.40021667735 -8490.93258632386 
-8491.88717549365 -8491.40021667735 
-8491.40021667735 -8490.92376741924 
-8491.40021667735 -8490.91718502526 
-8491.40021667735 -8490.88378675391 
-8491.40021667735 -8490.87574878014 
-8491.82067237803 -8491.40021667735 
-8491.40021667735 -8490.96882649682 
-8491.40021667735 -8490.95498921583 
-8491.40021667735 -8490.97053803726 
-8491.40021667735 -8491.02039459017 
-8491.83913859578 -8491.40021667735 
-8491.40021667735 -8491.0156312352 
-8491.40021667735 -8491.02105794628 
-8491.40021667735 -8490.9199741103 
-8491.40021667735 -8490.9234726258 
-8491.40021667735 -8491.01216361392 
-8491.40021667735 -8490.93235081454 
-8491.40021667735 -8490.92879142485 
-8491.40021667735 -8490.92836433121 
-8491.40021667735 -8490.87773268477 
-8491.40021667735 -8490.96424377278 
-8491.40021667735 -8490.88624970326 
-8491.40021667735 -8490.97046467079 
-8491.40021667735 -8490.98291696018 
-8491.40021667735 -8490.9081241815 
-8491.40021667735 -8490.96763271438 
-8491.40021667735 -8490.92531422955 
-8491.40021667735 -8490.88726451863 
-8491.40021667735 -8490.92343952246 
-8491.40021667735 -8491.00880461769 
-8491.40021667735 -8490.93553194131 
-8491.40021667735 -8490.87912131097 
-8491.40021667735 -8490.92143085615 
-8491.40021667735 -8490.88398609489 
-8491.40021667735 -8490.92685698264 
-8491.40021667735 -8490.9269875511 
-8491.40021667735 -8490.9352971109 
-8491.40021667735 -8490.92216241771 
-8491.40021667735 -8490.93519954507 
-8491.40021667735 -8490.93516942904 
-8491.40021667735 -8490.95584007824 
-8491.40021667735 -8490.89100986087 
-8491.40021667735 -8490.88061054618 
-8491.40021667735 -8490.92889765056 
-8491.40021667735 -8490.97845001862 
-8491.9199839663 -8491.40021667734 
-8491.40021667735 -8490.97475829388 
-8491.40021667735 -8490.91146841637 
-8491.40021667735 -8490.92320809814 
-8491.40021667735 -8490.87572036759 
-8491.40021667735 -8490.87555104082 
-8491.40021667735 -8490.87908223759 
-8491.40021667735 -8490.8794778832 
-8491.40021667735 -8490.95083727925 
-8491.40021667735 -8490.95961564023 
-8491.40021667735 -8490.91865975376 
-8491.40021667735 -8491.00725964709 
-8491.40021667735 -8490.95474412028 
-8491.40021667735 -8491.01213374895 
-8491.40021667735 -8490.88761635077 
-8491.40021667735 -8490.88288178005 
-8491.40021667735 -8490.87561494956 
-8491.40021667735 -8490.91699608816 
-8491.40021667735 -8490.87828181819 
-8491.40021667735 -8490.96104158763 
-8491.40021667735 -8490.88602844121 
-8491.40021667735 -8490.91254279901 
-8491.40021667735 -8490.93232158206 
-8491.40021667735 -8490.93112451082 
-8491.40021667735 -8490.9506632121 
-8491.40021667735 -8490.9164655613 
-8491.40021667735 -8490.960627835 
-8491.40021667735 -8490.91675317948 
-8491.40021667735 -8490.92702874617 
-8491.40021667735 -8490.88373137347 
-8491.40021667735 -8490.92373255528 
-8491.40021667735 -8490.88229690154 
-8491.40021667735 -8491.00381672484 
-8491.40021667735 -8490.9387869208 
-8491.86808165287 -8491.40021667735 
-8491.40021667735 -8490.96360649333 
-8491.87204923214 -8491.40021667734 
-8491.86881728087 -8491.40021667734 
-8491.40021667735 -8490.96413667674 
-8491.40021667735 -8490.91614588743 
-8491.40021667735 -8490.92381013005 
-8491.40021667735 -8490.91747499432 
-8491.40021667735 -8490.98309139908 
-8491.40021667735 -8490.95335410666 
-8491.40021667735 -8490.97148414969 
-8491.40021667735 -8490.92804198229 
-8491.40021667735 -8490.88361991607 
-8491.40021667735 -8490.93040440307 
-8491.40021667735 -8490.9234189187 
-8491.40021667735 -8490.91630432621 
-8491.40021667735 -8490.92849478392 
-8491.40021667735 -8490.91993058114 
-8491.40021667735 -8490.87584740331 
-8491.40021667735 -8490.93130908391 
-8491.40021667735 -8490.8789821863 
-8491.40021667735 -8490.88074573957 
-8491.40021667735 -8490.87034850024 
-8491.40021667735 -8490.88042734985 
-8491.40021667735 -8490.88048062801 
-8491.40021667735 -8490.88739494104 
-8491.40021667735 -8490.92846400521 
-8491.40021667735 -8490.89083239888 
-8491.40021667735 -8490.93200966706 
-8491.40021667735 -8490.88262806364 
-8491.40021667735 -8490.87522400245 
-8491.40021667735 -8490.88075081184 
-8491.40021667735 -8490.87532851643 
-8491.40021667735 -8490.92188799008 
-8491.88387791198 -8491.40021667734 
-8491.40021667735 -8490.96018356152 
-8491.40021667735 -8490.87578042291 
-8491.40021667735 -8490.8755483311 
-8491.40021667735 -8490.90816356018 
-8491.40021667735 -8490.92839816054 
-8491.92030471766 -8491.40021667735 
-8491.40021667735 -8490.92827048796 
-8491.40021667735 -8490.9199898929 
-8491.40021667735 -8490.87105028427 
-8491.40021667735 -8490.91989931929 
-8491.40021667735 -8490.93166708911 
-8491.40021667735 -8490.88041090767 
-8491.40021667735 -8490.87552037762 
-8491.40021667735 -8490.88350917972 
-8491.40021667735 -8490.88037339944 
-8491.40021667735 -8490.91254730573 
-8491.40021667735 -8490.88385830901 
-8491.40021667735 -8490.88712591495 
-8491.40021667735 -8490.91271628451 
-8491.40021667735 -8490.8751422913 
-8491.40021667735 -8490.87881614857 
-8491.40021667735 -8490.88048458531 
-8491.40021667735 -8490.87994409272 
-8491.40021667735 -8490.87892178584 
-8491.40021667735 -8490.96444159864 
-8491.40021667735 -8490.92693501501 
-8491.40021667735 -8490.87908897571 
-8491.40021667735 -8490.91608615658 
-8491.40021667735 -8490.90962677476 
-8491.40021667735 -8490.87389224864 
-8491.40021667735 -8490.9118509531 
-8491.40021667735 -8490.88404351137 
-8491.40021667735 -8490.88374729622 
-8491.40021667735 -8490.88374505564 
-8491.40021667735 -8490.88030429216 
-8491.40021667735 -8490.88418006942 
-8491.40021667735 -8490.88034126842 
-8491.40021667735 -8490.88023215524 
-8491.40021667735 -8490.88033729482 
-8491.40021667735 -8490.92318340365 
-8491.40021667735 -8490.92838434102 
-8491.40021667735 -8490.93172754537 
-8491.40021667735 -8490.92847887798 
-8491.40021667735 -8490.88072137887 
-8491.40021667735 -8490.87552720978 
-8491.40021667735 -8490.96410126374 
-8491.40021667735 -8490.91302332151 
-8491.40021667735 -8490.87894742283 
-8491.40021667735 -8490.88019382069 
-8491.40021667735 -8490.8870616594 
-8491.40021667735 -8490.92853048944 
-8491.40021667735 -8490.91627659578 
-8491.40021667735 -8490.96473989405 
-8491.91290920635 -8491.40021667735 
-8491.40021667735 -8490.97509565485 
-8491.40021667735 -8490.97226531625 
-8491.40021667735 -8490.92864807305 
-8491.40021667735 -8490.8823336921 
-8491.40021667735 -8490.87904755431 
-8491.40021667735 -8490.88761185784 
-8491.40021667735 -8490.9291181988 
-8491.40021667735 -8490.95940149414 
-8491.91620586473 -8491.40021667734 
-8491.40021667735 -8490.95067744274 
-8491.40021667735 -8490.91266448385 
-8491.40021667735 -8490.88243096094 
-8491.40021667735 -8490.8658690814 
-8491.40021667735 -8490.88020465994 
-8491.40021667735 -8490.89565124501 
-8491.40021667735 -8490.92375815313 
-8491.89261030805 -8491.40021667734 
-8491.40021667735 -8490.9268012819 
-8491.40021667735 -8490.92351556075 
-8491.40021667735 -8490.88052650261 
-8491.40021667735 -8490.88053856613 
-8491.40021667735 -8490.92870022184 
-8491.40021667735 -8490.93029515268 
-8491.40021667735 -8491.00811541346 
-8491.40021667735 -8491.00695069836 
-8491.40021667735 -8491.02314579982 
-8491.87137901647 -8491.40021667734 
-8491.40021667735 -8490.98370201684 
-8491.40021667735 -8490.91683910833 
-8491.40021667735 -8490.90823193705 
-8491.40021667735 -8490.87944903704 
-8491.40021667735 -8490.88716350418 
-8491.40021667735 -8490.97307195013 
-8491.40021667735 -8491.04271775081 
-8491.40021667735 -8490.97653697142 
-8491.40021667735 -8490.93962501988 
-8491.40021667735 -8490.92589525103 
-8491.40021667735 -8490.91727397295 
-8491.40021667735 -8490.88388051795 
-8491.40021667735 -8490.89068680378 
-8491.40021667735 -8490.92853472435 
-8491.40021667735 -8490.92138707639 
-8491.40021667735 -8490.98292289963 
-8491.40021667735 -8490.97485091729 
-8491.40021667735 -8490.87593703081 
-8491.40021667735 -8490.88074063969 
-8491.40021667735 -8490.92862342713 
-8491.40021667735 -8491.01963217224 
-8491.40021667735 -8491.03102923215 
-8491.40021667735 -8491.06525295796 
-8491.40021667735 -8491.02408841275 
-8491.83919910385 -8491.40021667734 
-8491.40021667735 -8491.03381210412 
-8491.40021667735 -8491.02076728928 
-8491.8682749142 -8491.40021667734 
-8491.40021667735 -8490.95404882338 
-8491.40021667735 -8490.96122624263 
-8491.88773800296 -8491.40021667734 
-8491.40021667735 -8491.01703072665 
-8491.87695057922 -8491.40021667734 
-8491.40021667735 -8491.01850304259 
-8491.40021667735 -8490.97468849767 
-8491.88410026914 -8491.40021667734 
-8491.40021667735 -8490.97840122299 
-8491.40021667735 -8490.96020091325 
-8491.40021667735 -8490.92675552224 
-8491.40021667735 -8490.92217074495 
-8491.40021667735 -8490.97375343058 
-8491.40021667735 -8491.00302488024 
-8491.40021667735 -8490.97845717309 
-8491.40021667735 -8490.97628116392 
-8491.40021667735 -8490.88087255164 
-8491.40021667735 -8491.00198167863 
-8491.40021667735 -8490.93237902229 
-8491.923652305 -8491.40021667735 
-8491.40021667735 -8490.92737475899 
-8491.40021667735 -8491.01780453915 
-8491.40021667735 -8490.95059753055 
-8491.82181822498 -8491.40021667734 
-8491.40021667735 -8491.00749458266 
-8491.40021667735 -8491.00587838171 
-8491.40021667735 -8490.96981482927 
-8491.40021667735 -8490.92403040342 
-8491.40021667735 -8490.92222001961 
-8491.40021667735 -8490.98619619926 
-8491.40021667735 -8490.92694708987 
-8491.40021667735 -8490.94627115894 
-8491.40021667735 -8490.92057968946 
-8491.40021667735 -8491.00402980973 
-8491.40021667735 -8490.88243351549 
-8491.40021667735 -8490.96720418481 
-8491.40021667735 -8490.92352814381 
-8491.40021667735 -8490.96419095379 
-8491.92086138711 -8491.40021667734 
-8491.40021667735 -8491.00929959082 
-8491.40021667735 -8490.96664633881 
-8491.40021667735 -8490.87942374336 
-8491.40021667735 -8490.9422758392 
-8491.40021667735 -8490.93345070682 
-8491.40021667735 -8490.92917023492 
-8491.40021667735 -8490.99904995858 
-8491.91624151415 -8491.40021667734 
-8491.40021667735 -8490.92332227246 
-8491.40021667735 -8490.88615849659 
-8491.40021667735 -8490.88064187574 
-8491.40021667735 -8490.88797421391 
-8491.40021667735 -8490.91187162996 
-8491.40021667735 -8490.97464195555 
-8491.40021667735 -8490.91316844751 
-8491.40021667735 -8490.93235793446 
-8491.40021667735 -8490.92922006059 
-8491.40021667735 -8490.87131258201 
-8491.40021667735 -8490.96752164435 
-8491.40021667735 -8490.95527090849 
-8491.40021667735 -8490.88624785626 
-8491.40021667735 -8490.96463612327 
-8491.40021667735 -8490.98837922738 
-8491.40021667735 -8490.92010963839 
-8491.40021667735 -8490.89060819883 
-8491.40021667735 -8490.91620731423 
-8491.40021667735 -8490.88582152351 
-8491.40021667735 -8490.92629948363 
-8491.40021667735 -8490.97589401377 
-8491.40021667735 -8491.00530849573 
-8491.87788028309 -8491.40021667735 
-8491.87351227626 -8491.40021667734 
-8491.40021667735 -8490.9601065882 
-8491.40021667735 -8490.9088199247 
-8491.40021667735 -8490.92260594751 
-8491.90021177093 -8491.40021667735 
-8491.40021667735 -8491.00908310256 
-8491.83111091184 -8491.40021667734 
-8491.40021667735 -8490.98328260071 
-8491.91681993329 -8491.40021667734 
-8491.40021667735 -8491.00894541583 
-8491.40021667735 -8490.95423441251 
-8491.40021667735 -8490.93187678061 
-8491.40021667735 -8490.91863481496 
-8491.40021667735 -8490.9288656605 
-8491.40021667735 -8491.02697842657 
-8491.40021667735 -8491.03094143939 
-8491.80166921642 -8491.40021667735 
-8491.40021667735 -8490.97642203968 
-8491.40021667735 -8490.91908921971 
-8491.40021667735 -8490.97605040231 
-8491.40021667735 -8490.9751051397 
-8491.40021667735 -8491.00759737905 
-8491.40021667735 -8490.93907414255 
-8491.40021667735 -8490.92023040298 
-8491.40021667735 -8491.04665441056 
-8491.40021667735 -8490.91672790017 
-8491.40021667735 -8490.93043463423 
-8491.40021667735 -8490.88764372049 
-8491.40021667735 -8490.93196471214 
-8491.40021667735 -8490.92191022607 
-8491.40021667735 -8490.97017097274 
-8491.40021667735 -8490.93522758818 
-8491.40021667735 -8490.92872559471 
-8491.40021667735 -8490.90276176535 
-8491.40021667735 -8490.97485718545 
-8491.40021667735 -8490.88731576921 
-8491.40021667735 -8490.92824690707 
-8491.40021667735 -8490.93182928278 
-8491.40021667735 -8490.93595630329 
-8491.40021667735 -8490.98282753606 
-8491.40021667735 -8491.05762890993 
-8491.40021667735 -8490.97851809055 
-8491.40021667735 -8490.9284811157 
-8491.40021667735 -8490.92848044106 
-8491.40021667735 -8490.9225889008 
-8491.40021667735 -8491.00827895229 
-8491.82091887793 -8491.40021667734 
-8491.40021667735 -8490.87504077409 
-8491.40021667735 -8490.87564202735 
-8491.40021667735 -8490.97453150193 
-8491.40021667735 -8491.00928335684 
-8491.40021667735 -8490.87908556054 
-8491.40021667735 -8490.87552550606 
-8491.40021667735 -8490.88381593712 
-8491.40021667735 -8490.87536247292 
-8491.40021667735 -8490.91759452687 
-8491.40021667735 -8490.9254720426 
-8491.40021667735 -8490.98025594432 
-8491.88391780637 -8491.40021667734 
-8491.40021667735 -8490.98008367923 
-8491.40021667735 -8490.92511360062 
-8491.40021667735 -8490.88068815844 
-8491.40021667735 -8490.92154549004 
-8491.40021667735 -8490.96889578175 
-8491.40021667735 -8490.93542202129 
-8491.85681509723 -8491.40021667734 
-8491.40021667735 -8490.97184626504 
-8491.40021667735 -8491.01802707055 
-8491.40021667735 -8490.93306934331 
-8491.40021667735 -8490.96199821298 
-8491.40021667735 -8490.88594523189 
-8491.40021667735 -8490.92853187758 
-8491.40021667735 -8490.88008508937 
-8491.40021667735 -8490.87390897098 
-8491.40021667735 -8490.91255433457 
-8491.92006382885 -8491.40021667734 
-8491.40021667735 -8490.91606006335 
-8491.40021667735 -8490.88029205936 
-8491.40021667735 -8490.88726731491 
-8491.40021667735 -8490.88040715608 
-8491.40021667735 -8490.97542202027 
-8491.40021667735 -8490.88288037818 
-8491.40021667735 -8490.93901981254 
-8491.40021667735 -8491.0078473493 
-8491.40021667735 -8490.96432022241 
-8491.40021667735 -8490.9303080239 
-8491.40021667735 -8490.87906612028 
-8491.40021667735 -8490.88301697419 
-8491.40021667735 -8490.98278956486 
-8491.40021667735 -8490.97455983116 
-8491.81075441539 -8491.40021667734 
-8491.40021667735 -8491.04073741975 
-8491.40021667735 -8491.03020259611 
-8491.90907997005 -8491.40021667735 
-8491.40021667735 -8490.99856397452 
-8491.40021667735 -8490.95083363166 
-8491.40021667735 -8490.93184657003 
-8491.40021667735 -8490.87899154309 
-8491.40021667735 -8490.9284949465 
-8491.40021667735 -8490.92859869466 
-8491.40021667735 -8490.92698459156 
-8491.40021667735 -8490.92839057693 
-8491.40021667735 -8490.95029562408 
-8491.40021667735 -8491.0308213148 
-8491.40021667735 -8491.03097485421 
-8491.40021667735 -8490.96105202637 
-8491.40021667735 -8490.93545929709 
-8491.40021667735 -8490.88240084855 
-8491.40021667735 -8490.8955872552 
-8491.40021667735 -8490.88715952258 
-8491.40021667735 -8490.90279959064 
-8491.40021667735 -8490.92312765803 
-8491.40021667735 -8490.96964849431 
-8491.87887818666 -8491.40021667735 
-8491.40021667735 -8490.92018501408 
-8491.40021667735 -8490.91438105385 
-8491.40021667735 -8490.91920832489 
-8491.40021667735 -8491.02678427349 
-8491.87645285202 -8491.40021667735 
-8491.40021667735 -8490.95213008604 
-8491.92502939269 -8491.40021667735 
-8491.40021667735 -8490.92013293374 
-8491.40021667735 -8490.9509436351 
-8491.40021667735 -8490.89056550005 
-8491.40021667735 -8490.8786121324 
-8491.40021667735 -8490.88223162514 
-8491.40021667735 -8490.94053005983 
-8491.40021667735 -8490.91625467889 
-8491.40021667735 -8490.93069104409 
-8491.40021667735 -8490.93227785483 
-8491.40021667735 -8490.92906573 
-8491.40021667735 -8490.92865594133 
-8491.40021667735 -8490.91096280229 
-8491.40021667735 -8490.88097385651 
-8491.40021667735 -8490.91962339191 
-8491.40021667735 -8490.92383289148 
-8491.92655979975 -8491.40021667734 
-8491.91654192227 -8491.40021667734 
-8491.40021667735 -8490.93566542034 
-8491.40021667735 -8491.00432184055 
-8491.40021667735 -8490.92323258913 
-8491.40021667735 -8490.97167233967 
-8491.40021667735 -8490.88955447046 
-8491.40021667735 -8490.92395579116 
-8491.40021667735 -8490.91447693518 
-8491.40021667735 -8490.97607762246 
-8491.40021667735 -8490.95458737622 
-8491.91614791775 -8491.40021667734 
-8491.40021667735 -8490.91488321943 
-8491.40021667735 -8490.95456692031 
-8491.40021667735 -8490.88719364619 
-8491.40021667735 -8490.88701831309 
-8491.40021667735 -8490.96428002911 
-8491.40021667735 -8490.95458650449 
-8491.40021667735 -8490.92736539102 
-8491.40021667735 -8490.99195777056 
-8491.40021667735 -8490.92905692853 
-8491.90973332296 -8491.40021667734 
-8491.40021667735 -8490.92866201168 
-8491.40021667735 -8490.90661256893 
-8491.40021667735 -8490.92844426684 
-8491.40021667735 -8490.90725648452 
-8491.40021667735 -8490.92047375244 
-8491.40021667735 -8490.95112085229 
-8491.40021667735 -8490.96433942467 
-8491.86992505249 -8491.40021667735 
-8491.40021667735 -8490.97520320155 
-8491.40021667735 -8490.99819323654 
-8491.40021667735 -8490.92423368669 
-8491.40021667735 -8490.90984396272 
-8491.40021667735 -8490.92382383442 
-8491.40021667735 -8490.89083455318 
-8491.40021667735 -8490.96283328628 
-8491.40021667735 -8490.97726796434 
-8491.89425627661 -8491.40021667735 
-8491.40021667735 -8490.92035642345 
-8491.40021667735 -8490.87558096769 
-8491.40021667735 -8490.93040427499 
-8491.40021667735 -8490.97357797454 
-8491.40021667735 -8490.95988373961 
-8491.40021667735 -8490.98389824845 
-8491.40021667735 -8490.98055737586 
-8491.40021667735 -8490.96555534079 
-8491.40021667735 -8490.97681989451 
-8491.40021667735 -8490.90619815841 
-8491.40021667735 -8490.88078588522 
-8491.40021667735 -8490.8789471247 
-8491.40021667735 -8490.90771602944 
-8491.40021667735 -8490.97396355656 
-8491.87158071612 -8491.40021667734 
-8491.40021667735 -8490.99726034789 
-8491.40021667735 -8491.05697646995 
-8491.91796621992 -8491.40021667735 
-8491.40021667735 -8490.97168479055 
-8491.40021667735 -8490.91972281605 
-8491.40021667735 -8490.88095103863 
-8491.40021667735 -8490.87534240293 
-8491.40021667735 -8491.0117632869 
-8491.40021667735 -8490.97131283628 
-8491.40021667735 -8490.93127699717 
-8491.40021667735 -8490.92873062328 
-8491.40021667735 -8490.87901768546 
-8491.40021667735 -8490.97883734876 
-8491.83561519752 -8491.40021667734 
-8491.40021667735 -8491.01292987035 
-8491.89209134407 -8491.40021667734 
-8491.40021667735 -8490.98086623943 
-8491.40021667735 -8490.92976228706 
-8491.40021667735 -8490.97723370456 
-8491.89257509034 -8491.40021667734 
-8491.40021667735 -8490.92859401546 
-8491.40021667735 -8490.92134089536 
-8491.40021667735 -8491.00624742509 
-8491.40021667735 -8491.01773929594 
-8491.40021667735 -8491.01152020896 
-8491.40021667735 -8490.91538390562 
-8491.40021667735 -8490.98037521803 
-8491.40021667735 -8490.91971169475 
-8491.40021667735 -8490.97668451402 
-8491.40021667735 -8490.92039858198 
-8491.40021667735 -8490.92867784512 
-8491.40021667735 -8490.88373050024 
-8491.40021667735 -8491.05692172013 
-8491.40021667735 -8490.98331612395 
-8491.40021667735 -8490.97701041529 
-8491.40021667735 -8491.02438123171 
-8491.40021667735 -8490.97635717184 
-8491.8681935317 -8491.40021667734 
-8491.40021667735 -8491.00388121877 
-8491.40021667735 -8490.91927497507 
-8491.40021667735 -8490.97659043763 
-8491.40021667735 -8490.96668118042 
-8491.40021667735 -8490.92400216874 
-8491.40021667735 -8490.92044980059 
-8491.88902464509 -8491.40021667735 
-8491.40021667735 -8490.97193667981 
-8491.40021667735 -8490.92051496691 
-8491.40021667735 -8490.96782354522 
-8491.40021667735 -8490.92046773742 
-8491.40021667735 -8490.97167238384 
-8491.88066260013 -8491.40021667734 
-8491.40021667735 -8490.92522256573 
-8491.40021667735 -8490.93158301437 
-8491.40021667735 -8490.87897290582 
-8491.40021667735 -8490.87755965321 
-8491.40021667735 -8490.96004565216 
-8491.40021667735 -8490.88732445378 
-8491.40021667735 -8490.91088494494 
-8491.40021667735 -8490.92047843109 
-8491.89207904683 -8491.40021667734 
-8491.40021667735 -8490.99284852267 
-8491.86719562142 -8491.40021667735 
-8491.40021667735 -8490.93242007152 
-8491.40021667735 -8490.87063553683 
-8491.40021667735 -8490.88081905529 
-8491.40021667735 -8490.9267614363 
-8491.40021667735 -8490.97961613715 
-8491.40021667735 -8490.97690146226 
-8491.40021667735 -8491.01932299509 
-8491.40021667735 -8490.94118446924 
-8491.40021667735 -8490.98071627055 
-8491.40021667735 -8490.90156640704 
-8491.40021667735 -8490.91278980513 
-8491.40021667735 -8490.87579842407 
-8491.40021667735 -8490.88741248372 
-8491.40021667735 -8490.91835635801 
-8491.40021667735 -8490.91305478773 
-8491.40021667735 -8490.95587596713 
-8491.40021667735 -8490.98036529221 
-8491.91652695634 -8491.40021667734 
-8491.40021667735 -8490.97667565775 
-8491.40021667735 -8490.9113407483 
-8491.40021667735 -8490.88356128589 
-8491.40021667735 -8490.88391894391 
-8491.40021667735 -8490.99255830036 
-8491.40021667735 -8491.02512649573 
-8491.40021667735 -8490.96958276865 
-8491.40021667735 -8490.88032482153 
-8491.40021667735 -8490.88043715532 
-8491.40021667735 -8490.88390028834 
-8491.40021667735 -8490.93211002201 
-8491.40021667735 -8490.964584594 
-8491.40021667735 -8490.98006327417 
-8491.40021667735 -8490.97739738422 
-8491.40021667735 -8490.92775334764 
-8491.40021667735 -8490.96508005768 
-8491.40021667735 -8490.88407830203 
-8491.40021667735 -8490.87405937164 
-8491.40021667735 -8490.93201871831 
-8491.40021667735 -8490.91263769767 
-8491.40021667735 -8490.9387366349 
-8491.91993444776 -8491.40021667734 
-8491.40021667735 -8490.93589234146 
-8491.40021667735 -8490.95446388208 
-8491.40021667735 -8490.9136110546 
-8491.40021667735 -8490.91885776119 
-8491.40021667735 -8490.87910933956 
