# vacant energies
-8485.41153505423
-8485.3985949691
-8485.43434681547
-8485.40323585794
-8485.8713293332
-8485.40997593979
-8485.42624545507
-8485.80967977878
-8485.77901984785
-8485.74949684964
-8485.40109210941
-8485.41010495029
-8485.39569125346
-8485.39713498343
-8485.417158696
-8485.41133611639
-8485.41816846388
-8485.41721893554
-8485.81280601591
-8485.45038447709
-8485.40615261597
-8485.41879691375
-8485.42303211745
-8485.4251416904
-8485.42242886972
-8485.42668815556
-8485.40356841756
-8485.40737107939
-8485.42237642854
-8485.4095311249
-8485.92259914272
-8485.395212002
-8485.48229389678
-8485.45629803456
-8485.85919963468
-8485.41413343598
-8485.4050470586
-8485.41636411307
-8485.40469833562
-8485.41989767484
-8485.4104762708
-8485.40457090994
-8485.42785540401
-8485.45683426039
-8485.43946781523
-8485.39083116239
-8485.44138118002
-8485.92629791567
-8485.44294548814
-8485.91896992248
-8485.41113286546
-8485.40617384735
-8485.41612133948
-8485.42103512444
-8485.407764889
-8485.41351411958
-8485.42466367109
-8485.40283096703
-8485.41171941748
-8485.40293399082
-8485.43431684326
-8485.93135232634
-8485.4405157272
-8485.41868241665
-8485.45751699253
-8485.41498246826
-8485.40503036772
-8485.4310773996
-8485.3979986311
-8485.39913193986
-8485.40547490203
-8485.40610060703
-8485.43126817155
-8485.40243922665
-8485.40579001861
-8485.3994036596
-8485.42145611107
-8485.39013749762
-8485.41874866119
-8485.42046174909
-8485.43170979881
-8485.87055574182
-8485.41286329236
-8485.42037938764
-8485.39533298728
-8485.40642166159
-8485.38999565684
-8485.41377737252
-8485.40754737876
-8485.40744236899
-8485.93122292966
-8485.42217698429
-8485.42089055764
-8485.41791971841
-8485.39619205064
-8485.39190710109
-8485.42038367148
-8485.39362082265
-8485.41609346033
-8485.92696602744
-8485.40591517411
-8485.40097347119
-8485.41546241233
-8485.40579023845
-8485.41247637657
-8485.41457000285
-8485.39960944059
-8485.43521180669
-8485.38917731611
-8485.41434705153
-8485.40444579469
-8485.40070656583
-8485.38788562066
-8485.42846985983
-8485.40170875357
-8485.44571249198
-8485.41545051875
-8485.40760551458
-8485.43462996657
-8485.40703510126
-8485.43068713835
-8485.41505611364
-8485.40689063411
-8485.40378097455
-8485.43015131762
-8485.39707585022
-8485.41527482211
-8485.41161597803
-8485.42533373838
-8485.3961363955
-8485.39115706819
-8485.44333260724
-8485.41428172554
-8485.46762498155
-8485.41034108935
-8485.42401978064
-8485.4237404084
-8485.40931365669
-8485.92289304714
-8485.3895780202
-8485.42460157424
-8485.42300153622
-8485.38765146926
-8485.92967133689
-8485.39939503235
-8485.92571775555
-8485.42328472144
-8485.38519775719
-8485.40790819202
-8485.41605714333
-8485.40931452018
-8485.40110188095
-8485.4141634624
-8485.40976011315
-8485.43367727392
-8485.38060838538
-8485.82325068292
-8485.39127932827
-8485.858770763
-8485.40031202024
-8485.41907546082
-8485.42150829576
-8485.40188131644
-8485.414026745
-8485.41279052593
-8485.41631314764
-8485.40987545772
-8485.4166856351
-8485.46757724613
-8485.39956757029
-8485.42578629635
-8485.40923412227
-8485.39925281253
-8485.3994039009
-8485.4029255035
-8485.41047650475
-8485.43795978152
-8485.87106040499
-8485.46372511951
-8485.44704970372
-8485.42692885389
-8485.40545983948
-8485.45419759819
-8485.43543279732
-8485.41117495665
-8485.40272388094
-8485.4324426713
-8485.85258831571
-8485.44001868555
-8485.39798445744
-8485.41821634256
-8485.41170066373
-8485.41873520224
-8485.4035101528
-8485.40808331578
-8485.42589160445
-8485.39852614306
-8485.40390398975
-8485.40377658961
-8485.40343673914
-8485.40449899522
-8485.93289332444
-8485.41368067587
-8485.4297885717
-8485.40843736523
-8485.40254284575
-8485.42181252546
-8485.39949251009
-8485.39828828227
-8485.40781284561
-8485.41034451509
-8485.43395462713
-8485.40528105709
-8485.3984089712
-8485.46208573351
-8485.3961579278
-8485.93190884428
-8485.40250476462
-8485.42244190827
-8485.42935885727
-8485.42575979633
-8485.43002664304
-8485.91239760291
-8485.45233604512
-8485.41580644973
-8485.4044541021
-8485.4275899602
-8485.40914148917
-8485.42052961026
-8485.40829100438
-8485.39443106033
-8485.42163105716
-8485.42924204602
-8485.45225277286
-8485.42603280443
-8485.40199357698
-8485.41222196387
-8485.4008562144
-8485.39261469065
-8485.41168806133
-8485.40141844779
-8485.42398612874
-8485.4011896294
-8485.44335382889
-8485.40155998175
-8485.42202321611
-8485.41765018381
-8485.4138253461
-8485.41902829527
-8485.40528095309
-8485.41034104286
-8485.38829085111
-8485.40368782155
-8485.3949347989
-8485.39443408711
-8485.41800431589
-8485.42766927386
-8485.92636712593
-8485.40944148383
-8485.44383340096
-8485.40390631316
-8485.40393158328
-8485.41122142221
-8485.40916305461
-8485.40189013603
-8485.42232810299
-8485.92402749387
-8485.41625412374
-8485.42609822755
-8485.42088215571
-8485.40899650248
-8485.40873173112
-8485.43542833982
-8485.41133464637
-8485.41951112632
-8485.39790228322
-8485.4014620992
-8485.39651410212
-8485.3982108748
-8485.3875760024
-8485.41220844912
-8485.40258579662
-8485.43378839417
-8485.40059105438
-8485.42104958395
-8485.413223298
-8485.41803307235
-8485.40894439658
-8485.42552599791
-8485.40634966565
-8485.42127442141
-8485.42053397063
-8485.39254864524
-8485.4071405383
-8485.40521975217
-8485.43479487545
-8485.39659615724
-8485.91745459278
-8485.38753062391
-8485.43890918824
-8485.40461727828
-8485.40820857803
-8485.41332962747
-8485.39452433079
-8485.43204811278
-8485.4576627051
-8485.43423996541
-8485.4164606669
-8485.39862883899
-8485.40306095762
-8485.39668941384
-8485.40531276136
-8485.40411008515
-8485.40386128055
-8485.40247453128
-8485.40059015102
-8485.40364150336
-8485.41184807535
-8485.40483299302
-8485.40026304396
-8485.42680060417
-8485.41347443497
-8485.44203602116
-8485.44011247686
-8485.41567188964
-8485.40391390448
-8485.42530001941
-8485.43913990064
-8485.41073688172
-8485.40394216108
-8485.44189579979
-8485.44655753947
-8485.45013324101
-8485.81497292276
-8485.40788986092
-8485.42083979363
-8485.41138483993
-8485.40209279146
-8485.42850792039
-8485.40167834455
-8485.84818525084
-8485.83040944967
-8485.80382942219
-8485.44975781363
-8485.3899958965
-8485.91024931317
-8485.38854870349
-8485.43004245155
-8485.39633607372
-8485.40079144357
-8485.40549462761
-8485.43036024629
-8485.92474652097
-8485.42043379986
-8485.40365022799
-8485.4244898607
-8485.87567520019
-8485.82217035022
-8485.43150491739
-8485.40529483469
-8485.42438095624
-8485.39151005759
-8485.40843848638
-8485.41104240367
-8485.40201504326
-8485.43894637713
-8485.43690479465
-8485.44680127659
-8485.42704479971
-8485.39139069332
-8485.43030305059
-8485.39103666457
-8485.41145416768
-8485.40710743638
-8485.44244646295
-8485.40459640596
-8485.42879828614
-8485.4479225635
-8485.41624269176
-8485.41017109934
-8485.43003780349
-8485.42142840552
-8485.41926975725
-8485.39682983051
-8485.40586984754
-8485.42384374034
-8485.40448218363
-8485.41822782945
-8485.39623025213
-8485.43137404378
-8485.40684510216
-8485.40738537251
-8485.39432851218
-8485.42012186032
-8485.40847062965
-8485.40138522518
-8485.41084099261
-8485.42282745855
-8485.40912093157
-8485.87923180025
-8485.41614984049
-8485.420516689
-8485.86436336815
-8485.42471351751
-8485.4306157664
-8485.405413391
-8485.40872553928
-8485.39074479086
-8485.40700561138
-8485.40550381185
-8485.41870295073
-8485.39893100243
-8485.432363169
-8485.41085976311
-8485.88191669834
-8485.40826036666
-8485.41314035824
-8485.41201606508
-8485.42259400955
-8485.40973200166
-8485.41116009418
-8485.40474744689
-8485.41605032098
-8485.42243534304
-8485.4417194211
-8485.41770307335
-8485.41337904696
-8485.42546760152
-8485.40961565099
-8485.40953415577
-8485.42103297383
-8485.39904364498
-8485.3918255054
-8485.41056571814
-8485.41345759841
-8485.87374073719
-8485.42394796363
-8485.41438421549
-8485.4137276693
-8485.41698111874
-8485.42385264266
-8485.403111818
-8485.4124422068
-8485.41480793932
-8485.41230289772
-8485.42824587298
-8485.4051716151
-8485.40210502825
-8485.41090177537
-8485.41611260262
-8485.40657531031
-8485.39523648677
-8485.3841349832
-8485.40931242089
-8485.40975711125
-8485.87416840482
-8485.41408396155
-8485.42115735434
-8485.40688776089
-8485.44649227983
-8485.4069564917
-8485.40493547837
-8485.40818616183
-8485.42191279134
-8485.39517198078
-8485.41127021895
-8485.91213137663
-8485.40167000648
-8485.44093140318
-8485.40928913936
-8485.40311974194
-8485.41704027854
-8485.40576133106
-8485.43087358208
-8485.41355033463
-8485.40587914545
-8485.3989460881
-8485.401403753
-8485.40856363302
-8485.40422172624
-8485.40613781066
-8485.42692028246
-8485.43768516208
-8485.39066533176
-8485.92966959499
-8485.40697527987
-8485.42389562412
-8485.41048584906
-8485.41107681593
-8485.41213787563
-8485.39800863359
-8485.4616127765
-8485.40696504525
-8485.41892064976
-8485.42904761696
-8485.41484022882
-8485.4138048858
-8485.38730536897
-8485.40414126513
-8485.42608129924
-8485.40402012322
-8485.41497222348
-8485.40181024326
-8485.41980645762
-8485.41385873352
-8485.4201066944
-8485.40671531302
-8485.44978492829
-8485.39765810426
-8485.41801039081
-8485.41813533906
-8485.40803202951
-8485.41330457995
-8485.40157507016
-8485.41632749006
-8485.44738812736
-8485.39921066584
-8485.88778997596
-8485.40253567461
-8485.45035343144
-8485.41195089625
-8485.40283493875
-8485.42031408898
-8485.41829794145
-8485.41775086859
-8485.42154022426
-8485.42818189222
-8485.41103860548
-8485.41052482783
-8485.40358492213
-8485.42569200393
-8485.40699412567
-8485.91249395974
-8485.41167496346
-8485.43041334975
-8485.41598834033
-8485.41590745023
-8485.40608970686
-8485.41112841192
-8485.43611771929
-8485.4059209167
-8485.38196343287
-8485.42338390504
-8485.37252784353
-8485.41640627518
-8485.40194016079
-8485.4270394195
-8485.93406447229
-8485.4141391909
-8485.39212268285
-8485.87428825213
-8485.43148585904
-8485.39735715248
-8485.40688229448
-8485.41480831935
-8485.4263440029
-8485.42771640299
-8485.41824227776
-8485.40076943322
-8485.41483586488
-8485.39775561233
-8485.42478087837
-8485.41754891923
-8485.41149493896
-8485.41237992917
-8485.82470839719
-8485.42295869151
-8485.44851902953
-8485.44449664797
-8485.40954651309
-8485.46025305666
-8485.41819897059
-8485.42687947708
-8485.40806661041
-8485.40832328502
-8485.44536709623
-8485.45316192038
-8485.45462770803
-8485.44583423626
-8485.41236266246
-8485.85867203203
-8485.40061522579
-8485.43779803096
-8485.42052390416
-8485.40302204511
-8485.41585056051
-8485.85459351292
-8485.80938624382
-8485.4240527767
-8485.41834241834
-8485.85984582589
-8485.41611031053
-8485.42792782802
-8485.9378612275
-8485.41643424152
-8485.41701144607
-8485.41640151905
-8485.3866579997
-8485.39960428386
-8485.43338322017
-8485.39720528098
-8485.40584524581
-8485.4120316664
-8485.39973197546
-8485.40462230271
-8485.44592095295
-8485.39983274886
-8485.41253781607
-8485.40957642554
-8485.40362240938
-8485.39659659709
-8485.43489555189
-8485.42071988715
-8485.40425273082
-8485.82208673804
-8485.43120508687
-8485.41965131865
-8485.40453435069
-8485.41606962772
-8485.40770673375
-8485.40819792396
-8485.38519713968
-8485.39905079423
-8485.40305208047
-8485.42912791522
-8485.422930135
-8485.40810067906
-8485.41098055829
-8485.42185773743
-8485.41762069801
-8485.40535145594
-8485.40882756797
-8485.41672734429
-8485.40861221294
-8485.40186320456
-8485.42713313725
-8485.39979467723
-8485.40909074559
-8485.40715433063
-8485.41455599096
-8485.39626545226
-8485.41018087073
-8485.40909276131
-8485.40449764639
-8485.39247810617
-8485.41933777487
-8485.43391598613
-8485.40945367597
-8485.39454173442
-8485.41441483453
-8485.41443802833
-8485.39945435015
-8485.41064083598
-8485.83311580934
-8485.41079308172
-8485.41677702793
-8485.40399941412
-8485.39771196684
-8485.3869537576
-8485.41419610054
-8485.92607852472
-8485.40629488094
-8485.46475315603
-8485.44261027839
-8485.42032374333
-8485.43115050176
-8485.4141251951
-8485.40998349755
-8485.41379181383
-8485.4491380439
-8485.43542947154
-8485.93677023795
-8485.41535590414
-8485.38246220282
-8485.38683846588
-8485.43734426381
-8485.42769159687
-8485.4317323816
-8485.4171761026
-8485.41601719781
-8485.43177713075
-8485.80428469674
-8485.76284108486
-8485.38722363651
-8485.39962113224
-8485.42641199
-8485.43407282348
-8485.43849486029
-8485.39736794866
-8485.40774052115
-8485.44305234749
-8485.45332668389
-8485.42107018951
-8485.42104246705
-8485.87194849505
-8485.40038011094
-8485.81181598518
-8485.85092467655
-8485.40232322336
-8485.45819651318
-8485.39155511681
-8485.88960396029
-8485.40374941963
-8485.41736502634
-8485.40341210926
-8485.40740988139
-8485.42217080632
-8485.40982649125
-8485.87377811529
-8485.41364353953
-8485.38298325702
-8485.46756351555
-8485.40418501325
-8485.44319240225
-8485.43482644669
-8485.44954335126
-8485.40128587821
-8485.39708713327
-8485.41645883776
-8485.4354791984
-8485.40310834666
-8485.3967390421
-8485.40843793879
-8485.38904522062
-8485.3798048405
-8485.39257560201
-8485.45740955632
-8485.40249121157
-8485.41519890107
-8485.40572754924
-8485.41406484726
-8485.41591042972
-8485.43223100522
-8485.42392047746
-8485.40979500318
-8485.39765194993
-8485.41674476527
-8485.38169723575
-8485.3916581801
-8485.40320693159
-8485.42526419955
-8485.39791378914
-8485.92472883902
-8485.40013462206
-8485.44848243215
-8485.41740418923
-8485.40234179318
-8485.39698137161
-8485.39790898965
-8485.3944162237
-8485.40285594242
-8485.38841153459
-8485.43932936361
-8485.91806778983
-8485.44116650258
-8485.40752804013
-8485.40487089061
-8485.42253011325
-8485.41386756617
-8485.40926960077
-8485.42295269807
-8485.39087473653
-8485.4081324072
-8485.38927746802
-8485.40685850749
-8485.42571717005
-8485.40984477384
-8485.87916443697
-8485.41014313939
-8485.42587872859
-8485.41771581054
-8485.40046398721
-8485.40922919769
-8485.41724471652
-8485.4329770795
-8485.41989115553
-8485.40641385248
-8485.4119241761
-8485.4332859065
-8485.41257662025
-8485.41274632849
-8485.41321891154
-8485.40762132459
-8485.39385553775
-8485.43072312392
-8485.38737006089
-8485.40053627911
-8485.41651619156
-8485.39884309674
-8485.40038131617
-8485.41459534705
-8485.40302295529
-8485.42847233468
-8485.39804274155
-8485.4235743281
-8485.40879546081
-8485.40391073925
-8485.42970079727
-8485.40857172375
-8485.43006487826
-8485.41177769043
-8485.42211687312
-8485.43022855564
-8485.41410645141
-8485.40469106368
-8485.39964978065
-8485.41597689446
-8485.92431696245
-8485.43430021294
-8485.4126481487
-8485.88044398875
-8485.43494127425
-8485.40686089709
-8485.39728115269
-8485.4100985666
-8485.43506293826
-8485.42420567187
-8485.41485728778
-8485.40543274798
-8485.39987392616
-8485.39775618141
-8485.410998298
-8485.41651434845
-8485.39533067689
-8485.39627783747
-8485.47326024615
-8485.85387920075
-8485.42299266322
-8485.40403189942
-8485.41816052952
-8485.40999715378
-8485.46015100533
-8485.77833862253
-8485.8098237161
-8485.41882043261
-8485.42901322214
-8485.39268035349
-8485.40122011989
-8485.42401152163
-8485.39710802949
-8485.40964972652
-8485.87316297609
-8485.42407065537
-8485.43513752875
-8485.4202218116
-8485.86978181981
-8485.41321032806
-8485.41572322529
-8485.42932807269
-8485.39640479738
-8485.41353516489
-8485.43335819925
-8485.44958747016
-8485.39356943103
-8485.41913883328
-8485.4131352575
-8485.41977956913
-8485.43666241972
-8485.43772019025
-8485.40137011265
-8485.45360918159
-8485.42611619456
-8485.44196147247
-8485.93225451594
-8485.41630016318
-8485.41310302394
-8485.41395850289
-8485.81772535572
-8485.40302159843
-8485.40546304717
-8485.45175063873
-8485.38985686866
-8485.90306227175
-8485.41623515095
-8485.43291084321
-8485.40415458895
-8485.43574937173
-8485.91828665705
-8485.43182646609
-8485.40281311574
-8485.40712792354
-8485.40137021384
-8485.41443537033
-8485.43139427181
-8485.40359528185
-8485.86112060493
-8485.41526201543
-8485.44416863335
-8485.41795719007
-8485.41052500727
-8485.41459442404
-8485.40359747569
-8485.41874557
-8485.39547070049
-8485.40240611225
-8485.41055484742
-8485.42263735454
-8485.76750967257
-8485.4128630463
-8485.42629132495
-8485.40461863818
-8485.39957389703
-8485.43675304194
-8485.44115583356
-8485.91012841085
-8485.40628694139
-8485.39579181915
-8485.43294526001
-8485.40638111663
-8485.41745082235
-8485.43270515142
-8485.4132845815
-8485.42209992165
-8485.38001013439
-8485.4357215178
-8485.41731791455
-8485.40407535165
-8485.40088179754
-8485.39777468186
-8485.43173214186
-8485.41434839914
-8485.79314286808
-8485.40686974832
-8485.47127861303
-8485.39836689972
-8485.41548140196
-8485.42445114973
-8485.38631722873
-8485.40889317356
-8485.40566724021
-8485.42731218588
-8485.92909123444
-8485.43522323124
-8485.41679012225
-8485.43188246174
-8485.42509466769
-8485.45300581607
-8485.42587859807
-8485.45945003529
-8485.90227484659
-8485.39440887031
-8485.39833402687
-8485.4151040282
-8485.93789791147
-8485.45676108958
-8485.4047098918
-8485.40795471117
-8485.87635622735
-8485.4344638829
-8485.39302539552
-8485.4539166059
-8485.93255980894
-8485.4374413386
-8485.39888895142
-8485.41061887583
-8485.39529216356
-8485.411045156
-8485.41535577004
-8485.43769679488
-8485.39927443955
-8485.44252393967
-8485.40563456261
-8485.43110449114
-8485.39184086193
-8485.42013109011
-8485.41554511177
-8485.42712181735
-8485.41010209643
-8485.42016802759
-8485.41120849359
-8485.43157106547
-8485.39074788008
-8485.42149417725
-8485.41804234487
-8485.41114183926
-8485.41655293068
-8485.42663493684
-8485.44284511322
-8485.47253046469
-8485.41498900918
-8485.39753655442
-8485.39774568552
-8485.41253547912
-8485.43986317972
-8485.40245206121
-8485.9269722765
-8485.40970826438
-8485.41605162302
-8485.41089042642
-8485.39749571001
-8485.41286897692
-8485.42619434959
-8485.41128214459
-8485.82597780603
-8485.41149698545
-8485.42136756178
-8485.39357173903
-8485.39029668433
-8485.41188063247
-8485.40316109092
-8485.84646942852
-8485.42256314849
-8485.39599771163
-8485.43902850097
-8485.40982356762
-8485.38227462153
-8485.42899355577
-8485.38512189432
-8485.42686262827
-8485.40170617642
-8485.43627837476
-8485.92865866514
-8485.38881697388
-8485.43621860144
-8485.45636228115
-8485.39989746565
-8485.89529008597
-8485.41171600502
-8485.45974100161
-8485.42114802083
-8485.40501355343
-8485.39885806043
-8485.45437958671
-8485.89341468917
-8485.43903698344
-8485.44488531292
-8485.44524447413
-8485.42561540959
-8485.43798136727
-8485.81743201336
-8485.40316894129
-8485.44782521531
-8485.40367829777
-8485.91654545436
-8485.4038863645
-8485.41519647746
-8485.43037112119
-8485.40487490428
-8485.40165117848
-8485.43495345529
-8485.39767524033
-8485.44732789775
-8485.38905173719
-8485.43735051282
-8485.41844400844
-8485.42208268623
-8485.38359794211
-8485.43007675022
-8485.86160620728
-8485.4121873083
-8485.87367316279
-8485.41089025023
-8485.39811101068
-8485.42504743351
-8485.42060271516
-8485.40470321269
-8485.41890359926
-8485.3975854069
-8485.38824613325
-8485.40306704279
-8485.42987993093
-8485.4174974653
-8485.44411546899
-8485.43725319096
-8485.42054967443
-8485.4062550189
-8485.42433000083
-8485.40810011438
-8485.42125594713
-8485.41164883898
-8485.39655670674
-8485.4148682588
-8485.40549079102
-8485.4079169486
-8485.40440641864
-8485.43236409447
-8485.3940669144
-8485.39287209944
-8485.40058004955
-8485.384694806
-8485.40348105012
-8485.4114051714
-8485.41899952078
-8485.39005681118
-8485.40761275492
-8485.4063444369
-8485.406870287
-8485.41090933821
-8485.38436089909
-8485.44275383213
-8485.40880327231
-8485.43908138601
-8485.40621383459
-8485.41311548611
-8485.40794762117
-8485.43079505216
-8485.39398445505
-8485.41734944813
-8485.42175485817
-8485.41250531971
-8485.3955720164
-8485.40692332811
-8485.40833545793
-8485.40063025175
-8485.4297511519
-8485.41928280104
-8485.42764657358
-8485.86893840264
-8485.40489698863
-8485.41923884951
-8485.40830335002
-8485.40875481564
-8485.40400182975
-8485.38164498725
-8485.90277438388
-8485.41663561318
-8485.85886389355
-8485.40492075824
-8485.40412754505
-8485.40790025665
-8485.40954819452
-8485.40757382085
-8485.44125553856
-8485.43933912429
-8485.42011103155
-8485.44695686158
-8485.39552485898
-8485.41426753371
-8485.44577299826
-8485.40906569209
-8485.43458925562
-8485.40217024264
-8485.43436840932
-8485.39920459294
-8485.41446863437
-8485.43364305997
-8485.44181807283
-8485.37646336255
-8485.91256492948
-8485.42189484985
-8485.42806806995
-8485.43644561515
-8485.40777743799
-8485.40521868223
-8485.39348639613
-8485.415724852
-8485.39001534342
-8485.39360231115
-8485.40623058919
-8485.41162430328
-8485.91371246908
-8485.38906256742
-8485.41316286179
-8485.44416600758
-8485.40213370547
-8485.42293614799
-8485.40725815327
-8485.3904504948
-8485.41641130203
-8485.40727260428
-8485.44457979901
-8485.4625920973
-8485.40256694797
-8485.91360257764
-8485.39400928548
-8485.44663205357
-8485.40874287125
-8485.39582025503
-8485.42296340458
-8485.40124591926
-8485.38766744405
-8485.39879730834
-8485.3968637529
-8485.40795348109
-8485.41103359323
-8485.45452073109
-8485.4169098333
-8485.41387108304
-8485.4108045428
-8485.4261835265
-8485.40551204832
-8485.39229324996
-8485.39254601537
-8485.4187745674
-8485.92555515975
-8485.41211099651
-8485.39422615543
-8485.39665089531
-8485.4153698604
-8485.43479121041
-8485.41646270956
-8485.43692786532
-8485.40854025453
-8485.40009012051
-8485.40673805622
-8485.45730657755
-8485.90698955605
-8485.43189743638
-8485.39171717561
-8485.40016262202
-8485.40353270393
-8485.42189617092
-8485.41315325199
-8485.41982861239
-8485.40886511503
-8485.39382160493
-8485.40105558837
-8485.40416963804
-8485.39849384001
-8485.43208337063
-8485.39495683951
-8485.92763182862
-8485.39504752926
-8485.44605876463
-8485.39670925937
-8485.3913247487
-8485.41418446229
-8485.38276575399
-8485.43936444412
-8485.40883978822
-8485.42243545541
-8485.39688664003
-8485.38055795102
-8485.41936212801
-8485.92438459175
-8485.44283907195
-8485.40297723475
-8485.41486363631
-8485.42287129384
-8485.41668652829
-8485.39477574702
-8485.43494910923
-8485.4052605203
-8485.40061037426
-8485.41665021091
-8485.41567475114
-8485.45135877793
-8485.38990926512
-8485.93477698992
-8485.42261387941
-8485.42566527187
-8485.91097003424
-8485.39868553701
-8485.43511646166
-8485.41105804674
-8485.40408123363
-8485.39297360158
-8485.41768141762
-8485.45149497548
-8485.43527479406
-8485.42052570589
-8485.42232086238
-8485.40391505248
-8485.44184786585
-8485.93505510295
-8485.38785484442
-8485.4050072835
-8485.4172279543
-8485.40612185938
-8485.4103223287
-8485.40093096994
-8485.45015298383
-8485.45421619745
-8485.43637603227
-8485.44095013034
-8485.41115432468
-8485.42181179021
-8485.41303770419
-8485.40385160805
-8485.42050882927
-8485.38762149765
-8485.91810298882
-8485.41190433894
-8485.8376538112
-8485.40899238677
-8485.40634787057
-8485.38669981516
-8485.42064742902
-8485.75214780797
-8485.44171742862
-8485.42597901864
-8485.40560243114
-8485.41650375402
-8485.37857342761
-8485.43188017335
-8485.43158459284
-8485.49307016308
-8485.74930296586
-8485.46730969939
-8485.41269193159
-8485.4141983486
-8485.38987187387
-8485.39789445681
-8485.40271699969
-8485.41685623671
-8485.40815982837
-8485.45774570417
-8485.39218506109
-8485.85763143007
-8485.40171493767
-8485.92558528043
-8485.42924870381
-8485.90312465188
-8485.80960254452
-8485.80755950663
-8485.42527167251
-8485.41719698882
-8485.45831885059
-8485.43705082855
-8485.42874352703
-8485.39991600645
-8485.3994469325
-8485.40071375647
-8485.43336214196
-8485.39294364692
-8485.40537582721
-8485.39010821272
-8485.40466458465
-8485.41845831081
-8485.38558489963
-8485.39040993704
-8485.40433337395
-8485.38922837567
-8485.40650087515
-8485.3941398247
-8485.41248454841
-8485.43920975084
-8485.41419794336
-8485.41010250226
-8485.40712898519
-8485.43478825493
-8485.44354454874
-8485.40344541396
-8485.86114302151
-8485.4448169284
-8485.44433450756
-8485.45945117836
-8485.4084656357
-8485.43782119974
-8485.40200947101
-8485.41408635964
-8485.42081451835
-8485.41405027081
-8485.42884537619
-8485.86540966367
-8485.39755840152
-8485.42474122881
-8485.41055049842
-8485.38862507706
-8485.39753863877
-8485.39781005678
-8485.44391897274
-8485.40959347278
-8485.41817039002
-8485.41195276649
-8485.39725820825
-8485.45513705948
-8485.40185554132
-8485.84906636675
-8485.39340446643
-8485.43741947082
-8485.37828191241
-8485.87375535479
-8485.38814998766
-8485.43832965524
-8485.39777976976
-8485.92879563087
-8485.42886550881
-8485.46011496249
-8485.48021935447
-8485.40642668729
-8485.42439948201
-8485.42759365786
-8485.42396555526
-8485.41755965557
-8485.41893115821
-8485.43953557188
-8485.40666085968
-8485.41264433557
-8485.40262268365
-8485.41545952781
-8485.42623776743
-8485.39854499368
-8485.39228696881
-8485.40043040062
-8485.43663583986
-8485.41592690891
-8485.42585385637
-8485.42923009602
-8485.41663262503
-8485.40288530761
-8485.42447447135
-8485.42705514243
-8485.39796124395
-8485.84733121614
-8485.41400320197
-8485.45937809547
-8485.42759305542
-8485.87445526009
-8485.4049910749
-8485.93323262666
-8485.47145648945
-8485.40929995573
-8485.41176511065
-8485.41191983741
-8485.40886070671
-8485.42570212954
-8485.39809454391
-8485.42469658256
-8485.39915836726
-8485.91540256224
-8485.38385755263
-8485.43258083626
-8485.4204873199
-8485.4021389409
-8485.82526915506
-8485.38392176538
-8485.43408580292
-8485.42885656268
-8485.4347014671
-8485.8530144188
-8485.4298109652
-8485.43957180138
-8485.43727596275
-8485.39807694713
-8485.42261366358
-8485.41431115914
-8485.39744233081
-8485.39763579769
-8485.40444780961
-8485.41643651743
-8485.40930061132
-8485.39732195001
-8485.41823962824
-8485.41654601199
-8485.42897682319
-8485.43597287353
-8485.41348349434
-8485.39084481461
-8485.41277565385
-8485.41397009855
-8485.40908170218
-8485.44320934189
-8485.41471147907
-8485.39643468845
-8485.39608467423
-8485.41367158754
-8485.42740302465
-8485.4063001435
-8485.41397310344
-8485.40834928427
-8485.42010905753
-8485.40480859825
-8485.40732073752
-8485.40458478014
-8485.92912150088
-8485.39958642763
-8485.42605306319
-8485.39765129342
-8485.4099014443
-8485.40191433643
-8485.41292200849
-8485.40394011311
-8485.4376242178
-8485.4139866114
-8485.43106064761
-8485.41063427133
-8485.44281772926
-8485.42263591013
-8485.41912374408
-8485.40924434658
-8485.40008909503
-8485.4191195233
-8485.40774641135
-8485.46538243844
-8485.41407793311
-8485.42999895423
-8485.39750027748
-8485.38918141696
-8485.4473737844
-8485.42864469394
-8485.42208586787
-8485.42836495349
-8485.40065256006
-8485.4051929108
-8485.39134153752
-8485.40038175416
-8485.40556536515
-8485.41052077509
-8485.85580873675
-8485.42241010396
-8485.87518237687
-8485.87516057971
-8485.42276347726
-8485.4213897476
-8485.38543416612
-8485.42631602638
-8485.40503564102
-8485.41974311549
-8485.42212670323
-8485.40489315661
-8485.41662503915
-8485.40715689613
-8485.39277158453
-8485.42434501429
-8485.40907937964
-8485.44392214391
-8485.40532787968
-8485.45914784734
-8485.41116811055
-8485.41043966749
-8485.39577726942
-8485.40555884895
-8485.41063700676
-8485.41668867761
-8485.395112355
-8485.40588042348
-8485.4018904609
-8485.41628040134
-8485.40499561791
-8485.40882464728
-8485.39779306166
-8485.44125774811
-8485.91689615031
-8485.45538812199
-8485.40114690124
-8485.4032803787
-8485.41615469
-8485.40188017461
-8485.92722532807
-8485.40415196417
-8485.43911834942
-8485.39892977384
-8485.43702573243
-8485.41082323388
-8485.41485297503
-8485.40645575583
-8485.41195117298
-8485.41083969143
-8485.4216573615
-8485.41442827578
-8485.41894690234
-8485.43014196613
-8485.39766163205
-8485.40620402348
-8485.40987547732
-8485.40641840646
-8485.40770381199
-8485.43132452589
-8485.40643943873
-8485.40021515854
-8485.42644403617
-8485.42366701741
-8485.38895075086
-8485.413303909
-8485.41599360475
-8485.41279880445
-8485.4139567738
-8485.4085357492
-8485.4200520413
-8485.4092133799
-8485.40659009535
-8485.40858929437
-8485.39757623569
-8485.40815746721
-8485.40783809577
-8485.40007054971
-8485.40199641956
-8485.39571157476
-8485.42287659073
-8485.42486666692
-8485.40666680872
-8485.40786848329
-8485.41821437755
-8485.45134766327
-8485.43189894329
-8485.42868185078
-8485.93568798606
-8485.39078922295
-8485.43278936702
-8485.39762402383
-8485.41021552644
-8485.40916875542
-8485.42091680717
-8485.45140455371
-8485.42102210041
-8485.92988090907
-8485.40412275736
-8485.42677387552
-8485.40927115476
-8485.38908751263
-8485.40260883665
-8485.41366942264
-8485.38961847036
-8485.90905972922
-8485.40182305424
-8485.40054733082
-8485.409215221
-8485.40449998274
-8485.39701127754
-8485.40512314801
-8485.42333262406
-8485.44339210147
-8485.37923784086
-8485.9168860591
-8485.40544131628
-8485.42758408472
-8485.41007144477
-8485.4052695796
-8485.42211651031
-8485.44015422014
-8485.43141188857
-8485.44183126733
-8485.40785806966
-8485.4382062108
-8485.42737853398
-8485.41000830878
-8485.42320107734
-8485.40287669855
-8485.443381886
-8485.41293271104
-8485.40235041614
-8485.39370420445
-8485.40420120166
-8485.39775466991
-8485.43420065575
-8485.41953334501
-8485.48391802483
-8485.36495200418
-8485.88989590599
-8485.39980492106
-8485.46562106081
-8485.87352659313
-8485.4124876263
-8485.42039639636
-8485.90906097689
-8485.39192538165
-8485.91341308309
-8485.42269906182
-8485.4007128725
-8485.9132408822
-8485.39529923938
-8485.45077995534
-8485.40753104286
-8485.39591597495
-8485.43306347279
-8485.44128417093
-8485.40871787098
-8485.40419031439
-8485.40874423101
-8485.43803689922
-8485.41028264108
-8485.92297088414
-8485.39692729872
-8485.4343413408
-8485.41194964211
-8485.8110912326
-8485.41165091137
-8485.44783337747
-8485.39078751235
-8485.44151039764
-8485.39525163782
-8485.46648106885
-8485.40304863308
-8485.41007335806
-8485.43598080896
-8485.39122497208
-8485.40563751935
-8485.42857493829
-8485.39841976271
-8485.41734599296
-8485.92941001095
-8485.42382631434
-8485.39403451859
-8485.40642431703
-8485.41793032609
-8485.44716162764
-8485.3956062565
-8485.42662525747
-8485.93420438705
-8485.39385567513
-8485.41555387636
-8485.40746441504
-8485.42322350917
-8485.42712227258
-8485.40553461084
-8485.43018325853
-8485.40378514535
-8485.39966056813
-8485.39769400012
-8485.42880339516
-8485.41056340277
-8485.41501213403
-8485.42158761401
-8485.46225437015
-8485.43498916299
-8485.4276538581
-8485.4326101935
-8485.41976451015
-8485.44713419704
-8485.42836142267
-8485.44657071492
-8485.87313359178
-8485.87688475993
-8485.42313415209
-8485.42821657814
-8485.38467526524
-8485.91391271057
-8485.40916298457
-8485.88482342622
-8485.41162480512
-8485.92964901931
-8485.42345546567
-8485.44540741317
-8485.40671021442
-8485.43476272077
-8485.3935992784
-8485.4826137061
-8485.41036806727
-8485.87195761007
-8485.39184632909
-8485.39469527036
-8485.40889058261
-8485.40907460985
-8485.41856658617
-8485.41816724248
-8485.43647634278
-8485.43169990671
-8485.42546479533
-8485.40108159243
-8485.42125223116
-8485.3997919788
-8485.43658013261
-8485.37814756256
-8485.4624011595
-8485.40138451983
-8485.41160781442
-8485.4000432724
-8485.41558223927
-8485.4014513109
-8485.39524592354
-8485.40987038975
-8485.40216623186
-8485.41505325955
-8485.45242926713
-8485.4046463877
-8485.40927703355
-8485.38406276078
-8485.44098953384
-8485.8288670502
-8485.40305523778
-8485.40458894733
-8485.41098461017
-8485.42724741671
-8485.40766353144
-8485.40433769567
-8485.41716661943
-8485.40215294056
-8485.42879247743
-8485.44194264462
-8485.39371520344
-8485.90982016166
-8485.40053131104
-8485.44612547005
-8485.41044563266
-8485.44266824486
-8485.42116620507
-8485.40177757401
-8485.85704083135
-8485.41902376083
-8485.42376128203
-8485.41586669671
-8485.37572215925
-8485.4102084673
-8485.40265228127
-8485.41114704466
-8485.39813851466
-8485.42178019296
-8485.93182028765
-8485.43524175345
-8485.41554186169
-8485.42648902476
-8485.41545868209
-8485.47842699135
-8485.41652477492
-8485.4226602406
-8485.45489663231
-8485.43042693273
-8485.41033376681
-8485.4051375208
-8485.4125236628
-8485.45445724591
-8485.39878332377
-8485.86324634663
-8485.41883717056
-8485.4472096436
-8485.93236161673
-8485.40290594828
-8485.43384506692
-8485.40723155899
-8485.41103565226
-8485.39899765629
-8485.39845416922
-8485.40225128559
-8485.40524884645
-8485.44662588988
-8485.41687695727
-8485.41724527184
-8485.419273812
-8485.41264275779
-8485.41102224069
-8485.41404141709
-8485.41868974252
-8485.40600449693
-8485.44124740488
-8485.4362925934
-8485.92017698688
-8485.43314838283
-8485.42953513369
-8485.43374059038
-8485.44015150155
-8485.88470798903
-8485.47458093829
-8485.93011531005
-8485.43560754832
-8485.43746675411
-8485.4193505549
-8485.40432949613
-8485.41013869072
-8485.46105578446
-8485.43455853789
-8485.40372856504
-8485.40497978042
-8485.44452505006
-8485.39661973992
-8485.41637846677
-8485.40817734193
-8485.43908787038
-8485.39659605167
-8485.92161579492
-8485.92940715649
-8485.4094142319
-8485.40649322631
-8485.44269800402
-8485.39107136827
-8485.41286962192
-8485.39880347728
-8485.42647137601
-8485.40081850753
-8485.44151362398
-8485.93245476388
-8485.42652430168
-8485.44623314221
-8485.41450814954
-8485.42451954831
-8485.42628424029
-8485.40901059638
-8485.39844783368
-8485.41328105427
-8485.40199617208
-8485.93036571346
-8485.40261506937
-8485.40890469855
-8485.40694865122
-8485.41875571492
-8485.4345541878
-8485.40556257418
-8485.41940899133
-8485.87948101461
-8485.3941989456
-8485.45555521415
-8485.39215215232
-8485.4166329395
-8485.39217556805
-8485.42160286777
-8485.42035236742
-8485.44780897598
-8485.90080716063
-8485.43118206227
-8485.39966441617
-8485.4065615382
-8485.43064110824
-8485.41489942747
-8485.44908802299
-8485.39474031464
-8485.44275829725
-8485.38558920026
-8485.42070915825
-8485.40787847078
-8485.40805298932
-8485.40884729227
-8485.38315386986
-8485.86399393522
-8485.43170378039
-8485.41455693554
-8485.92227254967
-8485.39000444169
-8485.43427634681
-8485.40319333206
-8485.39871716137
-8485.45803977085
-8485.44035685177
-8485.45476997011
-8485.44743645625
-8485.40803971236
-8485.38927106708
-8485.86389899684
-8485.43174640869
-8485.89795907908
-8485.38408068319
-8485.44506647969
-8485.37710103014
-8485.90413330274
-8485.39710757021
-8485.44348237186
-8485.44043424593
-8485.42506355573
-8485.41775477675
-8485.42650470354
-8485.39328072384
-8485.43827724492
-8485.38666205761
-8485.43788890092
-8485.3963811899
-8485.41475741777
-8485.41225975995
-8485.41927484154
-8485.38456399146
-8485.39738263608
-8485.41429559086
-8485.86867574784
-8485.41188051839
-8485.37996699992
-8485.40710158425
-8485.39393875355
-8485.4445388027
-8485.43999816307
-8485.91154887333
-8485.4700425777
-8485.43669061538
-8485.43443453543
-8485.43843199956
-8485.47001159643
-8485.91041409957
-8485.44204175463
-8485.41578038929
-8485.4101995478
-8485.4007244102
-8485.4529135619
-8485.41617300476
-8485.42414805188
-8485.43900669115
-8485.90820483777
-8485.45482943248
-8485.85145716429
-8485.39995207402
-8485.39237709984
-8485.40592443218
-8485.40851115456
-8485.41595893182
-8485.44183719348
-8485.38451815168
-8485.42717173561
-8485.38303628354
-8485.41977993282
-8485.43243125946
-8485.40879256605
-8485.42074998694
-8485.39746562979
-8485.43014736804
-8485.40952904867
-8485.39701645384
-8485.92583833189
-8485.39676390399
-8485.42103198522
-8485.4166034979
-8485.40912144869
-8485.41012269586
-8485.40586154085
-8485.43420639168
-8485.4086804244
-8485.4068417698
-8485.41528939344
-8485.40346300866
-8485.41666188924
-8485.38392958719
-8485.43230409405
-8485.37952894748
-8485.41163358839
-8485.41051190359
-8485.39670657559
-8485.39262432923
-8485.41972993408
-8485.39519496931
-8485.92453854179
-8485.40255772027
-8485.40458664267
-8485.41909903797
-8485.38390852981
-8485.40181893323
